# Matrix: airfoil_2d
# Path: /home/stu1/Dataset/training_dataset/10k-50k-0.01-0.1/airfoil_2d.mtx
# Category: 10k-50k-0.01-0.1
# Date: 2026-03-06 01:23:15
# Configs: 81 (9 tiles x 9 TC thresholds)
# Version: AdaSpGEMM_new
#
# Rows: 14214
# Cols: 14214
# NNZ(A): 259688
# NNZ(C) estimate: 4891351
#
tile_m tile_n tc_frc tc     | step1_ms  step2_ms  step3_ms  malloc    total_ms     gflops    | n_tiny   n_sml    n_lrg    n_dns    n_ful    | th_lrg tiles_C        nnzC         error   
-----------------------------------------------------------------------------------------------------------------------------------------------------------------------------------------
8      8      0      0/8    | 0.18      1.71      1.65      0.72      4.28         2.29      | 154620   0        0        34911    0        | 1      420372         832720       -       
8      8      1      1/8    | 0.19      1.78      1.66      0.77      4.41         2.22      | 154620   0        0        34911    0        | 8      420372         832720       -       
8      8      2      2/8    | 0.19      1.75      1.29      0.74      3.98         2.46      | 154620   0        31821    3090     0        | 16     420372         832720       -       
8      8      3      3/8    | 0.19      1.73      1.28      0.78      3.98         2.46      | 154620   0        34725    186      0        | 24     420372         832720       -       
8      8      4      4/8    | 0.19      1.70      1.34      0.74      3.99         2.45      | 154620   0        34893    18       0        | 32     420372         832720       -       
8      8      5      5/8    | 0.18      1.74      1.29      0.72      3.95         2.48      | 154620   0        34903    8        0        | 40     420372         832720       -       
8      8      6      6/8    | 0.19      1.72      1.29      0.75      3.96         2.47      | 154620   0        34906    5        0        | 48     420372         832720       -       
8      8      7      7/8    | 0.19      1.73      1.28      0.74      3.94         2.48      | 154620   0        34911    0        0        | 56     420372         832720       -       
8      8      8      8/8    | 0.18      1.71      1.29      0.69      3.88         2.52      | 154620   0        34911    0        0        | 64     420372         832720       -       
8      16     0      0/8    | 0.17      1.34      1.61      0.73      3.85         2.54      | 154620   0        0        34911    0        | 1      448052         832720       -       
8      16     1      1/8    | 0.17      1.35      1.62      0.75      3.89         2.52      | 154620   0        0        34911    0        | 8      448052         832720       -       
8      16     2      2/8    | 0.17      1.34      1.02      0.75      3.29         2.97      | 154620   0        31821    3090     0        | 16     448052         832720       -       
8      16     3      3/8    | 0.17      1.45      0.99      0.75      3.37         2.90      | 154620   0        34725    186      0        | 24     448052         832720       -       
8      16     4      4/8    | 0.16      1.39      1.02      0.76      3.35         2.92      | 154620   0        34893    18       0        | 32     448052         832720       -       
8      16     5      5/8    | 0.18      1.40      0.97      0.79      3.36         2.91      | 154620   0        34903    8        0        | 40     448052         832720       -       
8      16     6      6/8    | 0.17      1.41      0.98      0.78      3.35         2.92      | 154620   0        34906    5        0        | 48     448052         832720       -       
8      16     7      7/8    | 0.17      1.36      0.98      0.77      3.30         2.97      | 154620   0        34911    0        0        | 56     448052         832720       -       
8      16     8      8/8    | 0.17      1.40      0.98      0.76      3.33         2.94      | 154620   0        34911    0        0        | 64     448052         832720       -       
8      32     0      0/8    | 0.15      1.32      1.98      0.71      4.17         2.34      | 154620   0        0        34911    0        | 1      469836         832720       -       
8      32     1      1/8    | 0.15      1.30      1.97      0.73      4.16         2.35      | 154620   0        0        34911    0        | 8      469836         832720       -       
8      32     2      2/8    | 0.16      1.32      1.00      0.72      3.21         3.05      | 154620   0        31821    3090     0        | 16     469836         832720       -       
8      32     3      3/8    | 0.17      1.39      0.94      0.74      3.25         3.01      | 154620   0        34725    186      0        | 24     469836         832720       -       
8      32     4      4/8    | 0.16      1.31      0.86      0.71      3.06         3.20      | 154620   0        34893    18       0        | 32     469836         832720       -       
8      32     5      5/8    | 0.16      1.33      0.83      0.70      3.04         3.22      | 154620   0        34903    8        0        | 40     469836         832720       -       
8      32     6      6/8    | 0.17      1.36      0.82      0.75      3.12         3.14      | 154620   0        34906    5        0        | 48     469836         832720       -       
8      32     7      7/8    | 0.16      1.36      0.80      0.73      3.06         3.19      | 154620   0        34911    0        0        | 56     469836         832720       -       
8      32     8      8/8    | 0.17      1.36      0.80      0.76      3.10         3.15      | 154620   0        34911    0        0        | 64     469836         832720       -       
16     8      0      0/8    | 0.18      1.21      1.17      0.49      3.06         3.19      | 72453    0        0        10094    0        | 1      144812         832720       -       
16     8      1      1/8    | 0.17      1.21      1.16      0.48      3.03         3.23      | 72453    0        0        10094    0        | 32     144812         832720       -       
16     8      2      2/8    | 0.17      1.20      1.05      0.48      2.91         3.36      | 72453    0        9731     363      0        | 64     144812         832720       -       
16     8      3      3/8    | 0.17      1.21      1.05      0.48      2.93         3.34      | 72453    0        10088    6        0        | 96     144812         832720       -       
16     8      4      4/8    | 0.17      1.21      1.05      0.46      2.91         3.37      | 72453    0        10094    0        0        | 128    144812         832720       -       
16     8      5      5/8    | 0.17      1.22      1.05      0.46      2.91         3.36      | 72453    0        10094    0        0        | 160    144812         832720       -       
16     8      6      6/8    | 0.18      1.21      1.04      0.48      2.92         3.35      | 72453    0        10094    0        0        | 192    144812         832720       -       
16     8      7      7/8    | 0.17      1.22      1.06      0.45      2.91         3.36      | 72453    0        10094    0        0        | 224    144812         832720       -       
16     8      8      8/8    | 0.17      1.21      1.06      0.48      2.92         3.34      | 72453    0        10094    0        0        | 256    144812         832720       -       
16     16     0      0/8    | 0.14      0.92      1.15      0.47      2.70         3.63      | 72453    0        0        10094    0        | 1      153848         832720       -       
16     16     1      1/8    | 0.15      0.94      1.14      0.52      2.76         3.54      | 72453    0        0        10094    0        | 32     153848         832720       -       
16     16     2      2/8    | 0.15      0.94      0.87      0.49      2.46         3.97      | 72453    0        9731     363      0        | 64     153848         832720       -       
16     16     3      3/8    | 0.15      0.96      0.74      0.49      2.37         4.13      | 72453    0        10088    6        0        | 96     153848         832720       -       
16     16     4      4/8    | 0.16      0.97      0.74      0.51      2.39         4.09      | 72453    0        10094    0        0        | 128    153848         832720       -       
16     16     5      5/8    | 0.15      0.95      0.74      0.49      2.34         4.19      | 72453    0        10094    0        0        | 160    153848         832720       -       
16     16     6      6/8    | 0.14      0.94      0.74      0.47      2.31         4.24      | 72453    0        10094    0        0        | 192    153848         832720       -       
16     16     7      7/8    | 0.16      0.95      0.73      0.51      2.37         4.13      | 72453    0        10094    0        0        | 224    153848         832720       -       
16     16     8      8/8    | 0.16      0.93      0.74      0.48      2.32         4.22      | 72453    0        10094    0        0        | 256    153848         832720       -       
16     32     0      0/8    | 0.14      0.72      1.72      0.54      3.14         3.12      | 72453    0        0        10094    0        | 1      160606         832720       -       
16     32     1      1/8    | 0.14      0.75      1.72      0.54      3.16         3.09      | 72453    0        0        10094    0        | 32     160606         832720       -       
16     32     2      2/8    | 0.13      0.77      0.98      0.56      2.46         3.98      | 72453    0        9731     363      0        | 64     160606         832720       -       
16     32     3      3/8    | 0.13      0.74      0.64      0.55      2.07         4.73      | 72453    0        10088    6        0        | 96     160606         832720       -       
16     32     4      4/8    | 0.14      0.77      0.60      0.57      2.10         4.67      | 72453    0        10094    0        0        | 128    160606         832720       -       
16     32     5      5/8    | 0.14      0.74      0.60      0.56      2.05         4.78      | 72453    0        10094    0        0        | 160    160606         832720       -       
16     32     6      6/8    | 0.14      0.75      0.60      0.56      2.07         4.73      | 72453    0        10094    0        0        | 192    160606         832720       -       
16     32     7      7/8    | 0.14      0.74      0.60      0.60      2.10         4.66      | 72453    0        10094    0        0        | 224    160606         832720       -       
16     32     8      8/8    | 0.14      0.76      0.60      0.59      2.11         4.65      | 72453    0        10094    0        0        | 256    160606         832720       -       
32     8      0      0/8    | 0.15      1.19      1.14      0.37      2.87         3.41      | 31541    0        0        2825     0        | 1      48486          832720       -       
32     8      1      1/8    | 0.15      1.17      1.13      0.37      2.83         3.45      | 31541    0        0        2825     0        | 128    48486          832720       -       
32     8      2      2/8    | 0.15      1.26      1.03      0.39      2.85         3.44      | 31541    0        2799     26       0        | 256    48486          832720       -       
32     8      3      3/8    | 0.14      1.24      1.01      0.36      2.76         3.54      | 31541    0        2825     0        0        | 384    48486          832720       -       
32     8      4      4/8    | 0.15      1.25      0.99      0.34      2.74         3.57      | 31541    0        2825     0        0        | 512    48486          832720       -       
32     8      5      5/8    | 0.14      1.21      0.97      0.36      2.70         3.63      | 31541    0        2825     0        0        | 640    48486          832720       -       
32     8      6      6/8    | 0.15      1.18      1.00      0.36      2.70         3.63      | 31541    0        2825     0        0        | 768    48486          832720       -       
32     8      7      7/8    | 0.14      1.21      1.00      0.36      2.73         3.59      | 31541    0        2825     0        0        | 896    48486          832720       -       
32     8      8      8/8    | 0.15      1.24      0.97      0.35      2.71         3.61      | 31541    0        2825     0        0        | 1024   48486          832720       -       
32     16     0      0/8    | 0.13      0.94      0.99      0.38      2.44         4.01      | 31541    0        0        2825     0        | 1      51283          832720       -       
32     16     1      1/8    | 0.13      0.93      0.99      0.37      2.43         4.02      | 31541    0        0        2825     0        | 128    51283          832720       -       
32     16     2      2/8    | 0.14      0.95      0.84      0.40      2.34         4.18      | 31541    0        2799     26       0        | 256    51283          832720       -       
32     16     3      3/8    | 0.14      0.94      0.72      0.40      2.21         4.42      | 31541    0        2825     0        0        | 384    51283          832720       -       
32     16     4      4/8    | 0.13      0.95      0.74      0.40      2.23         4.38      | 31541    0        2825     0        0        | 512    51283          832720       -       
32     16     5      5/8    | 0.13      0.94      0.74      0.41      2.23         4.40      | 31541    0        2825     0        0        | 640    51283          832720       -       
32     16     6      6/8    | 0.13      0.93      0.72      0.39      2.17         4.50      | 31541    0        2825     0        0        | 768    51283          832720       -       
32     16     7      7/8    | 0.12      0.94      0.72      0.39      2.18         4.48      | 31541    0        2825     0        0        | 896    51283          832720       -       
32     16     8      8/8    | 0.13      0.93      0.70      0.39      2.15         4.54      | 31541    0        2825     0        0        | 1024   51283          832720       -       
32     32     0      0/8    | 0.12      0.65      1.50      0.39      2.67         3.66      | 31541    0        0        2825     0        | 1      53194          832720       -       
32     32     1      1/8    | 0.13      0.67      1.51      0.42      2.74         3.58      | 31541    0        0        2825     0        | 128    53194          832720       -       
32     32     2      2/8    | 0.12      0.66      0.83      0.40      2.01         4.87      | 31541    0        2799     26       0        | 256    53194          832720       -       
32     32     3      3/8    | 0.12      0.67      0.59      0.40      1.79         5.46      | 31541    0        2825     0        0        | 384    53194          832720       -       
32     32     4      4/8    | 0.12      0.67      0.58      0.41      1.79         5.46      | 31541    0        2825     0        0        | 512    53194          832720       -       
32     32     5      5/8    | 0.12      0.66      0.58      0.40      1.77         5.53      | 31541    0        2825     0        0        | 640    53194          832720       -       
32     32     6      6/8    | 0.12      0.67      0.56      0.39      1.75         5.59      | 31541    0        2825     0        0        | 768    53194          832720       -       
32     32     7      7/8    | 0.11      0.65      0.58      0.38      1.74         5.63      | 31541    0        2825     0        0        | 896    53194          832720       -       
32     32     8      8/8    | 0.12      0.65      0.57      0.39      1.74         5.63      | 31541    0        2825     0        0        | 1024   53194          832720       -       
