# Matrix: TSOPF_RS_b300_c3
# Path: /home/stu1/Dataset/training_dataset/10k-50k-0.1-1/TSOPF_RS_b300_c3.mtx
# Category: 10k-50k-0.1-1
# Date: 2026-03-06 08:13:25
# Configs: 81 (9 tiles x 9 TC thresholds)
# Version: AdaSpGEMM_new
#
# Rows: 42138
# Cols: 42138
# NNZ(A): 4413449
# NNZ(C) estimate: 34508933
#
tile_m tile_n tc_frc tc     | step1_ms  step2_ms  step3_ms  malloc    total_ms     gflops    | n_tiny   n_sml    n_lrg    n_dns    n_ful    | th_lrg tiles_C        nnzC         error   
-----------------------------------------------------------------------------------------------------------------------------------------------------------------------------------------
8      8      0      0/8    | 0.16      1.13      1.63      0.94      3.87         17.82     | 23704    0        0        37007    289205   | 1      366322         19956888     -       
8      8      1      1/8    | 0.16      1.06      1.63      0.93      3.79         18.22     | 23704    0        0        37007    289205   | 8      366322         19956888     -       
8      8      2      2/8    | 0.25      1.10      1.65      0.91      3.92         17.62     | 23704    0        7227     29780    289205   | 16     366322         19956888     -       
8      8      3      3/8    | 0.14      1.06      1.61      0.87      3.71         18.60     | 23704    0        13558    23449    289205   | 24     366322         19956888     -       
8      8      4      4/8    | 0.24      1.11      1.65      0.95      3.96         17.42     | 23704    0        17382    19625    289205   | 32     366322         19956888     -       
8      8      5      5/8    | 0.26      1.11      1.62      0.90      3.91         17.66     | 23704    0        23599    13408    289205   | 40     366322         19956888     -       
8      8      6      6/8    | 0.15      1.04      1.58      0.88      3.67         18.81     | 23704    0        30094    6913     289205   | 48     366322         19956888     -       
8      8      7      7/8    | 0.15      1.07      1.57      0.87      3.67         18.80     | 23704    0        36557    450      289205   | 56     366322         19956888     -       
8      8      8      8/8    | 0.14      1.06      1.49      0.89      3.59         19.23     | 23704    0        326212   0        0        | 64     366322         19956888     -       
8      16     0      0/8    | 0.23      1.18      1.77      0.94      4.14         16.69     | 23704    0        0        37007    289205   | 1      403457         19956888     -       
8      16     1      1/8    | 0.23      1.20      1.77      0.93      4.15         16.64     | 23704    0        0        37007    289205   | 8      403457         19956888     -       
8      16     2      2/8    | 0.22      1.21      1.76      0.95      4.16         16.58     | 23704    0        7227     29780    289205   | 16     403457         19956888     -       
8      16     3      3/8    | 0.15      1.15      1.72      0.89      3.92         17.61     | 23704    0        13558    23449    289205   | 24     403457         19956888     -       
8      16     4      4/8    | 0.23      1.22      1.75      0.93      4.14         16.69     | 23704    0        17382    19625    289205   | 32     403457         19956888     -       
8      16     5      5/8    | 0.23      1.20      1.72      0.94      4.10         16.82     | 23704    0        23599    13408    289205   | 40     403457         19956888     -       
8      16     6      6/8    | 0.15      1.14      1.68      0.92      3.91         17.64     | 23704    0        30094    6913     289205   | 48     403457         19956888     -       
8      16     7      7/8    | 0.22      1.19      1.69      0.92      4.03         17.12     | 23704    0        36557    450      289205   | 56     403457         19956888     -       
8      16     8      8/8    | 0.13      1.14      1.54      0.88      3.71         18.62     | 23704    0        326212   0        0        | 64     403457         19956888     -       
8      32     0      0/8    | 0.24      1.34      2.72      0.93      5.25         13.14     | 23704    0        0        37007    289205   | 1      451362         19956888     -       
8      32     1      1/8    | 0.15      1.32      2.68      0.98      5.16         13.38     | 23704    0        0        37007    289205   | 8      451362         19956888     -       
8      32     2      2/8    | 0.15      1.38      2.66      0.88      5.08         13.57     | 23704    0        7227     29780    289205   | 16     451362         19956888     -       
8      32     3      3/8    | 0.14      1.27      2.64      0.89      4.96         13.93     | 23704    0        13558    23449    289205   | 24     451362         19956888     -       
8      32     4      4/8    | 0.22      1.35      2.65      0.91      5.14         13.42     | 23704    0        17382    19625    289205   | 32     451362         19956888     -       
8      32     5      5/8    | 0.24      1.32      2.61      0.96      5.14         13.41     | 23704    0        23599    13408    289205   | 40     451362         19956888     -       
8      32     6      6/8    | 0.14      1.31      2.56      0.90      4.92         14.03     | 23704    0        30094    6913     289205   | 48     451362         19956888     -       
8      32     7      7/8    | 0.15      1.27      2.53      0.91      4.87         14.16     | 23704    0        36557    450      289205   | 56     451362         19956888     -       
8      32     8      8/8    | 0.23      1.33      2.07      0.89      4.53         15.23     | 23704    0        326212   0        0        | 64     451362         19956888     -       
16     8      0      0/8    | 0.12      0.43      1.20      0.55      2.32         29.75     | 13416    0        0        20362    65838    | 1      103805         19956888     -       
16     8      1      1/8    | 0.21      0.45      1.23      0.58      2.49         27.70     | 13416    0        0        20362    65838    | 32     103805         19956888     -       
16     8      2      2/8    | 0.13      0.45      1.19      0.56      2.35         29.37     | 13416    0        3341     17021    65838    | 64     103805         19956888     -       
16     8      3      3/8    | 0.21      0.47      1.21      0.57      2.48         27.85     | 13416    0        6428     13934    65838    | 96     103805         19956888     -       
16     8      4      4/8    | 0.12      0.43      1.17      0.52      2.27         30.42     | 13416    0        10804    9558     65838    | 128    103805         19956888     -       
16     8      5      5/8    | 0.12      0.43      1.16      0.55      2.28         30.27     | 13416    0        12872    7490     65838    | 160    103805         19956888     -       
16     8      6      6/8    | 0.12      0.43      1.16      0.54      2.26         30.50     | 13416    0        14491    5871     65838    | 192    103805         19956888     -       
16     8      7      7/8    | 0.23      0.45      1.19      0.58      2.46         28.06     | 13416    0        17736    2626     65838    | 224    103805         19956888     -       
16     8      8      8/8    | 0.21      0.45      1.30      0.56      2.54         27.16     | 13416    0        86200    0        0        | 256    103805         19956888     -       
16     16     0      0/8    | 0.21      0.51      1.15      0.57      2.45         28.12     | 13416    0        0        20362    65838    | 1      110314         19956888     -       
16     16     1      1/8    | 0.13      0.50      1.13      0.56      2.34         29.48     | 13416    0        0        20362    65838    | 32     110314         19956888     -       
16     16     2      2/8    | 0.13      0.51      1.11      0.59      2.35         29.38     | 13416    0        3341     17021    65838    | 64     110314         19956888     -       
16     16     3      3/8    | 0.21      0.53      1.13      0.58      2.46         28.09     | 13416    0        6428     13934    65838    | 96     110314         19956888     -       
16     16     4      4/8    | 0.21      0.51      1.10      0.59      2.42         28.48     | 13416    0        10804    9558     65838    | 128    110314         19956888     -       
16     16     5      5/8    | 0.13      0.49      1.07      0.54      2.24         30.78     | 13416    0        12872    7490     65838    | 160    110314         19956888     -       
16     16     6      6/8    | 0.20      0.52      1.10      0.58      2.41         28.59     | 13416    0        14491    5871     65838    | 192    110314         19956888     -       
16     16     7      7/8    | 0.11      0.48      1.06      0.55      2.22         31.13     | 13416    0        17736    2626     65838    | 224    110314         19956888     -       
16     16     8      8/8    | 0.24      0.53      1.18      0.58      2.55         27.03     | 13416    0        86200    0        0        | 256    110314         19956888     -       
16     32     0      0/8    | 0.20      0.62      2.16      0.61      3.61         19.10     | 13416    0        0        20362    65838    | 1      120564         19956888     -       
16     32     1      1/8    | 0.11      0.59      2.14      0.59      3.45         20.03     | 13416    0        0        20362    65838    | 32     120564         19956888     -       
16     32     2      2/8    | 0.11      0.60      2.09      0.59      3.40         20.30     | 13416    0        3341     17021    65838    | 64     120564         19956888     -       
16     32     3      3/8    | 0.11      0.60      2.04      0.57      3.34         20.65     | 13416    0        6428     13934    65838    | 96     120564         19956888     -       
16     32     4      4/8    | 0.22      0.64      2.02      0.68      3.59         19.24     | 13416    0        10804    9558     65838    | 128    120564         19956888     -       
16     32     5      5/8    | 0.13      0.62      1.95      0.59      3.31         20.88     | 13416    0        12872    7490     65838    | 160    120564         19956888     -       
16     32     6      6/8    | 0.12      0.61      1.94      0.61      3.30         20.90     | 13416    0        14491    5871     65838    | 192    120564         19956888     -       
16     32     7      7/8    | 0.12      0.64      1.90      0.60      3.27         21.10     | 13416    0        17736    2626     65838    | 224    120564         19956888     -       
16     32     8      8/8    | 0.12      0.61      1.40      0.62      2.76         24.98     | 13416    0        86200    0        0        | 256    120564         19956888     -       
32     8      0      0/8    | 0.14      0.47      2.15      0.55      3.32         20.78     | 6058     0        0        10930    13298    | 1      30951          19956888     -       
32     8      1      1/8    | 0.20      0.49      2.16      0.49      3.35         20.57     | 6058     0        0        10930    13298    | 128    30951          19956888     -       
32     8      2      2/8    | 0.24      0.48      2.05      0.54      3.32         20.79     | 6058     0        2784     8146     13298    | 256    30951          19956888     -       
32     8      3      3/8    | 0.24      0.48      2.02      0.49      3.24         21.30     | 6058     0        4054     6876     13298    | 384    30951          19956888     -       
32     8      4      4/8    | 0.23      0.50      1.97      0.51      3.22         21.43     | 6058     0        4967     5963     13298    | 512    30951          19956888     -       
32     8      5      5/8    | 0.21      0.50      1.95      0.51      3.19         21.67     | 6058     0        6941     3989     13298    | 640    30951          19956888     -       
32     8      6      6/8    | 0.21      0.49      1.91      0.51      3.15         21.89     | 6058     0        7423     3507     13298    | 768    30951          19956888     -       
32     8      7      7/8    | 0.22      0.50      1.89      0.51      3.13         22.07     | 6058     0        8577     2353     13298    | 896    30951          19956888     -       
32     8      8      8/8    | 0.12      0.45      1.21      0.50      2.29         30.18     | 6058     0        24228    0        0        | 1024   30951          19956888     -       
32     16     0      0/8    | 0.21      0.40      2.21      0.53      3.37         20.47     | 6058     0        0        10930    13298    | 1      32566          19956888     -       
32     16     1      1/8    | 0.12      0.37      2.19      0.50      3.18         21.70     | 6058     0        0        10930    13298    | 128    32566          19956888     -       
32     16     2      2/8    | 0.12      0.37      2.04      0.52      3.06         22.59     | 6058     0        2784     8146     13298    | 256    32566          19956888     -       
32     16     3      3/8    | 0.12      0.36      2.00      0.50      2.99         23.08     | 6058     0        4054     6876     13298    | 384    32566          19956888     -       
32     16     4      4/8    | 0.21      0.41      1.98      0.49      3.10         22.26     | 6058     0        4967     5963     13298    | 512    32566          19956888     -       
32     16     5      5/8    | 0.11      0.36      1.90      0.49      2.88         23.95     | 6058     0        6941     3989     13298    | 640    32566          19956888     -       
32     16     6      6/8    | 0.21      0.38      1.94      0.53      3.07         22.50     | 6058     0        7423     3507     13298    | 768    32566          19956888     -       
32     16     7      7/8    | 0.12      0.37      1.88      0.50      2.88         23.92     | 6058     0        8577     2353     13298    | 896    32566          19956888     -       
32     16     8      8/8    | 0.20      0.40      1.29      0.52      2.43         28.41     | 6058     0        24228    0        0        | 1024   32566          19956888     -       
32     32     0      0/8    | 0.11      0.47      2.04      0.53      3.16         21.82     | 6058     0        0        10930    13298    | 1      34357          19956888     -       
32     32     1      1/8    | 0.23      0.53      2.07      0.62      3.47         19.91     | 6058     0        0        10930    13298    | 128    34357          19956888     -       
32     32     2      2/8    | 0.20      0.50      1.88      0.54      3.13         22.03     | 6058     0        2784     8146     13298    | 256    34357          19956888     -       
32     32     3      3/8    | 0.11      0.48      1.79      0.53      2.92         23.61     | 6058     0        4054     6876     13298    | 384    34357          19956888     -       
32     32     4      4/8    | 0.11      0.47      1.75      0.53      2.87         24.01     | 6058     0        4967     5963     13298    | 512    34357          19956888     -       
32     32     5      5/8    | 0.11      0.47      1.71      0.53      2.85         24.26     | 6058     0        6941     3989     13298    | 640    34357          19956888     -       
32     32     6      6/8    | 0.21      0.50      1.73      0.59      3.04         22.67     | 6058     0        7423     3507     13298    | 768    34357          19956888     -       
32     32     7      7/8    | 0.22      0.50      1.70      0.56      2.99         23.05     | 6058     0        8577     2353     13298    | 896    34357          19956888     -       
32     32     8      8/8    | 0.11      0.48      1.27      0.55      2.42         28.50     | 6058     0        24228    0        0        | 1024   34357          19956888     -       
