# Matrix: TSOPF_FS_b300
# Path: /home/stu1/Dataset/training_dataset/10k-50k-0.1-1/TSOPF_FS_b300.mtx
# Category: 10k-50k-0.1-1
# Date: 2026-03-06 07:23:39
# Configs: 81 (9 tiles x 9 TC thresholds)
# Version: AdaSpGEMM_new
#
# Rows: 29214
# Cols: 29214
# NNZ(A): 4400122
# NNZ(C) estimate: 14023656792
#
tile_m tile_n tc_frc tc     | step1_ms  step2_ms  step3_ms  malloc    total_ms     gflops    | n_tiny   n_sml    n_lrg    n_dns    n_ful    | th_lrg tiles_C        nnzC         error   
-----------------------------------------------------------------------------------------------------------------------------------------------------------------------------------------
8      8      0      0/8    | 2.37      22.21     43.62     2.32      70.54        397.61    | 33421    0        0        97411    3243060  | 1      3423574        212471856    -       
8      8      1      1/8    | 2.35      21.94     43.27     2.39      69.98        400.81    | 33421    0        0        97411    3243060  | 8      3423574        212471856    -       
8      8      2      2/8    | 2.33      21.82     44.04     2.40      70.61        397.23    | 33421    0        7119     90292    3243060  | 16     3423574        212471856    -       
8      8      3      3/8    | 2.28      21.70     44.32     2.35      70.67        396.91    | 33421    0        13344    84067    3243060  | 24     3423574        212471856    -       
8      8      4      4/8    | 2.28      22.57     43.51     2.35      70.73        396.51    | 33421    0        19505    77906    3243060  | 32     3423574        212471856    -       
8      8      5      5/8    | 2.27      22.07     43.98     2.34      70.68        396.81    | 33421    0        23781    73630    3243060  | 40     3423574        212471856    -       
8      8      6      6/8    | 2.34      21.79     44.29     2.41      70.85        395.87    | 33421    0        47198    50213    3243060  | 48     3423574        212471856    -       
8      8      7      7/8    | 2.33      21.74     43.84     2.38      70.31        398.94    | 33421    0        60331    37080    3243060  | 56     3423574        212471856    -       
8      8      8      8/8    | 2.28      21.93     334.64    2.34      361.21       77.65     | 33421    0        3340471  0        0        | 64     3423574        212471856    -       
8      16     0      0/8    | 1.35      21.85     34.55     2.37      60.13        466.41    | 33421    0        0        97411    3243060  | 1      3451682        212471856    -       
8      16     1      1/8    | 1.38      23.68     35.71     2.53      63.33        442.88    | 33421    0        0        97411    3243060  | 8      3451682        212471856    -       
8      16     2      2/8    | 1.38      17.02     34.36     2.35      55.13        508.72    | 33421    0        7119     90292    3243060  | 16     3451682        212471856    -       
8      16     3      3/8    | 1.36      17.03     35.04     2.34      55.88        501.88    | 33421    0        13344    84067    3243060  | 24     3451682        212471856    -       
8      16     4      4/8    | 1.36      17.59     34.97     2.36      56.38        497.48    | 33421    0        19505    77906    3243060  | 32     3451682        212471856    -       
8      16     5      5/8    | 1.39      17.02     34.66     2.37      55.45        505.81    | 33421    0        23781    73630    3243060  | 40     3451682        212471856    -       
8      16     6      6/8    | 1.37      23.58     36.10     2.43      63.49        441.73    | 33421    0        47198    50213    3243060  | 48     3451682        212471856    -       
8      16     7      7/8    | 1.36      16.90     35.79     2.37      56.52        496.25    | 33421    0        60331    37080    3243060  | 56     3451682        212471856    -       
8      16     8      8/8    | 1.37      17.17     304.83    2.37      325.76       86.10     | 33421    0        3340471  0        0        | 64     3451682        212471856    -       
8      32     0      0/8    | 0.88      14.71     44.58     2.34      62.52        448.58    | 33421    0        0        97411    3243060  | 1      3505458        212471856    -       
8      32     1      1/8    | 0.88      14.93     44.13     2.34      62.30        450.21    | 33421    0        0        97411    3243060  | 8      3505458        212471856    -       
8      32     2      2/8    | 0.89      14.87     44.12     2.34      62.25        450.57    | 33421    0        7119     90292    3243060  | 16     3505458        212471856    -       
8      32     3      3/8    | 0.88      14.71     43.42     2.34      61.37        457.01    | 33421    0        13344    84067    3243060  | 24     3505458        212471856    -       
8      32     4      4/8    | 0.89      15.11     44.62     2.34      62.98        445.37    | 33421    0        19505    77906    3243060  | 32     3505458        212471856    -       
8      32     5      5/8    | 0.88      14.58     44.61     2.33      62.42        449.34    | 33421    0        23781    73630    3243060  | 40     3505458        212471856    -       
8      32     6      6/8    | 0.88      14.46     45.97     2.30      63.63        440.79    | 33421    0        47198    50213    3243060  | 48     3505458        212471856    -       
8      32     7      7/8    | 0.87      14.78     45.69     2.35      63.71        440.25    | 33421    0        60331    37080    3243060  | 56     3505458        212471856    -       
8      32     8      8/8    | 0.88      14.49     381.07    2.36      398.83       70.32     | 33421    0        3340471  0        0        | 64     3505458        212471856    -       
16     8      0      0/8    | 1.43      18.06     49.86     2.21      71.58        391.81    | 17523    0        0        43660    798035   | 1      877550         212471856    -       
16     8      1      1/8    | 1.48      18.16     49.78     2.24      71.69        391.22    | 17523    0        0        43660    798035   | 32     877550         212471856    -       
16     8      2      2/8    | 1.48      18.11     49.00     2.22      70.83        395.99    | 17523    0        3297     40363    798035   | 64     877550         212471856    -       
16     8      3      3/8    | 1.43      18.03     49.48     2.21      71.17        394.09    | 17523    0        10672    32988    798035   | 96     877550         212471856    -       
16     8      4      4/8    | 1.42      18.12     52.77     2.19      74.53        376.35    | 17523    0        13660    30000    798035   | 128    877550         212471856    -       
16     8      5      5/8    | 1.48      18.11     49.24     2.24      71.09        394.55    | 17523    0        16540    27120    798035   | 160    877550         212471856    -       
16     8      6      6/8    | 1.49      18.08     49.59     2.21      71.39        392.89    | 17523    0        19430    24230    798035   | 192    877550         212471856    -       
16     8      7      7/8    | 1.43      18.07     70.44     2.23      92.18        304.26    | 17523    0        26000    17660    798035   | 224    877550         212471856    -       
16     8      8      8/8    | 1.43      18.09     333.76    2.19      355.48       78.90     | 17523    0        841695   0        0        | 256    877550         212471856    -       
16     16     0      0/8    | 0.79      13.96     42.84     2.29      59.89        468.34    | 17523    0        0        43660    798035   | 1      880456         212471856    -       
16     16     1      1/8    | 4.66      14.11     45.47     2.51      66.78        420.02    | 17523    0        0        43660    798035   | 32     880456         212471856    -       
16     16     2      2/8    | 0.86      14.01     41.86     2.34      59.09        474.66    | 17523    0        3297     40363    798035   | 64     880456         212471856    -       
16     16     3      3/8    | 0.79      13.99     43.40     2.24      60.44        464.06    | 17523    0        10672    32988    798035   | 96     880456         212471856    -       
16     16     4      4/8    | 0.79      13.93     44.92     2.28      61.94        452.83    | 17523    0        13660    30000    798035   | 128    880456         212471856    -       
16     16     5      5/8    | 0.85      14.07     43.86     2.34      61.15        458.66    | 17523    0        16540    27120    798035   | 160    880456         212471856    -       
16     16     6      6/8    | 0.80      13.95     43.13     2.27      60.16        466.24    | 17523    0        19430    24230    798035   | 192    880456         212471856    -       
16     16     7      7/8    | 0.80      14.07     62.13     2.29      79.30        353.68    | 17523    0        26000    17660    798035   | 224    880456         212471856    -       
16     16     8      8/8    | 0.80      14.06     387.88    2.26      405.02       69.25     | 17523    0        841695   0        0        | 256    880456         212471856    -       
16     32     0      0/8    | 0.48      15.53     47.89     2.21      66.13        424.11    | 17523    0        0        43660    798035   | 1      892426         212471856    -       
16     32     1      1/8    | 0.47      15.53     48.92     2.22      67.17        417.54    | 17523    0        0        43660    798035   | 32     892426         212471856    -       
16     32     2      2/8    | 0.48      15.59     48.68     2.24      67.01        418.54    | 17523    0        3297     40363    798035   | 64     892426         212471856    -       
16     32     3      3/8    | 0.48      15.38     48.42     2.23      66.52        421.61    | 17523    0        10672    32988    798035   | 96     892426         212471856    -       
16     32     4      4/8    | 0.47      15.45     49.55     2.20      67.69        414.33    | 17523    0        13660    30000    798035   | 128    892426         212471856    -       
16     32     5      5/8    | 0.48      15.53     49.62     2.24      67.88        413.21    | 17523    0        16540    27120    798035   | 160    892426         212471856    -       
16     32     6      6/8    | 0.48      15.52     48.76     2.28      67.07        418.19    | 17523    0        19430    24230    798035   | 192    892426         212471856    -       
16     32     7      7/8    | 0.47      15.55     65.56     2.23      83.83        334.56    | 17523    0        26000    17660    798035   | 224    892426         212471856    -       
16     32     8      8/8    | 0.47      15.40     489.25    2.21      507.36       55.28     | 17523    0        841695   0        0        | 256    892426         212471856    -       
32     8      0      0/8    | 1.39      11.27     92.50     2.02      107.19       261.66    | 9131     0        0        16787    195869   | 1      227385         212471856    -       
32     8      1      1/8    | 1.46      11.31     93.04     2.08      107.92       259.89    | 9131     0        0        16787    195869   | 128    227385         212471856    -       
32     8      2      2/8    | 1.45      11.34     92.41     2.04      107.26       261.48    | 9131     0        2002     14785    195869   | 256    227385         212471856    -       
32     8      3      3/8    | 1.39      11.30     92.62     2.03      107.36       261.24    | 9131     0        3172     13615    195869   | 384    227385         212471856    -       
32     8      4      4/8    | 1.46      11.38     90.91     2.11      105.88       264.89    | 9131     0        4599     12188    195869   | 512    227385         212471856    -       
32     8      5      5/8    | 1.45      11.36     92.85     2.07      107.74       260.33    | 9131     0        6067     10720    195869   | 640    227385         212471856    -       
32     8      6      6/8    | 1.47      11.37     95.28     2.10      110.24       254.42    | 9131     0        9519     7268     195869   | 768    227385         212471856    -       
32     8      7      7/8    | 1.40      11.29     92.85     2.04      107.59       260.68    | 9131     0        10883    5904     195869   | 896    227385         212471856    -       
32     8      8      8/8    | 1.40      11.27     537.79    2.05      552.53       50.76     | 9131     0        212656   0        0        | 1024   227385         212471856    -       
32     16     0      0/8    | 0.75      7.81      85.87     2.03      96.52        290.60    | 9131     0        0        16787    195869   | 1      227875         212471856    -       
32     16     1      1/8    | 0.74      7.95      87.29     2.00      98.08        285.95    | 9131     0        0        16787    195869   | 128    227875         212471856    -       
32     16     2      2/8    | 0.73      11.37     84.24     2.07      98.42        284.96    | 9131     0        2002     14785    195869   | 256    227875         212471856    -       
32     16     3      3/8    | 0.75      7.84      90.61     2.05      101.36       276.72    | 9131     0        3172     13615    195869   | 384    227875         212471856    -       
32     16     4      4/8    | 0.74      7.89      86.06     1.99      96.80        289.75    | 9131     0        4599     12188    195869   | 512    227875         212471856    -       
32     16     5      5/8    | 0.74      7.83      84.96     1.99      95.56        293.52    | 9131     0        6067     10720    195869   | 640    227875         212471856    -       
32     16     6      6/8    | 0.74      7.88      87.67     2.00      98.33        285.23    | 9131     0        9519     7268     195869   | 768    227875         212471856    -       
32     16     7      7/8    | 0.74      7.92      87.22     2.01      97.93        286.40    | 9131     0        10883    5904     195869   | 896    227875         212471856    -       
32     16     8      8/8    | 0.74      11.46     607.98    2.11      622.30       45.07     | 9131     0        212656   0        0        | 1024   227875         212471856    -       
32     32     0      0/8    | 0.41      8.08      86.53     2.00      97.04        289.02    | 9131     0        0        16787    195869   | 1      229631         212471856    -       
32     32     1      1/8    | 0.41      7.98      85.38     2.00      95.78        292.82    | 9131     0        0        16787    195869   | 128    229631         212471856    -       
32     32     2      2/8    | 0.40      8.10      86.93     2.01      97.46        287.78    | 9131     0        2002     14785    195869   | 256    229631         212471856    -       
32     32     3      3/8    | 0.42      8.12      94.37     2.05      104.98       267.16    | 9131     0        3172     13615    195869   | 384    229631         212471856    -       
32     32     4      4/8    | 0.42      8.16      86.45     2.02      97.06        288.97    | 9131     0        4599     12188    195869   | 512    229631         212471856    -       
32     32     5      5/8    | 0.42      8.09      86.39     2.02      96.94        289.33    | 9131     0        6067     10720    195869   | 640    229631         212471856    -       
32     32     6      6/8    | 0.42      8.12      89.87     2.07      100.51       279.06    | 9131     0        9519     7268     195869   | 768    229631         212471856    -       
32     32     7      7/8    | 0.42      8.02      89.49     2.00      99.94        280.64    | 9131     0        10883    5904     195869   | 896    229631         212471856    -       
32     32     8      8/8    | 0.42      7.96      759.86    2.04      770.32       36.41     | 9131     0        212656   0        0        | 1024   229631         212471856    -       
