# Matrix: mixtank_new
# Path: /home/stu1/Dataset/training_dataset/10k-50k-0.01-0.1/mixtank_new.mtx
# Category: 10k-50k-0.01-0.1
# Date: 2026-03-06 03:15:24
# Configs: 81 (9 tiles x 9 TC thresholds)
# Version: AdaSpGEMM_new
#
# Rows: 29957
# Cols: 29957
# NNZ(A): 1995041
# NNZ(C) estimate: 176887371
#
tile_m tile_n tc_frc tc     | step1_ms  step2_ms  step3_ms  malloc    total_ms     gflops    | n_tiny   n_sml    n_lrg    n_dns    n_ful    | th_lrg tiles_C        nnzC         error   
-----------------------------------------------------------------------------------------------------------------------------------------------------------------------------------------
8      8      0      0/8    | 0.65      15.81     24.33     1.02      41.83        8.46      | 708334   0        0        402843   28       | 1      2879997        11989523     -       
8      8      1      1/8    | 0.65      15.79     24.36     1.00      41.82        8.46      | 708334   0        0        402843   28       | 8      2879997        11989523     -       
8      8      2      2/8    | 0.64      15.69     23.04     1.01      40.40        8.76      | 708334   0        137825   265018   28       | 16     2879997        11989523     -       
8      8      3      3/8    | 0.64      15.68     21.89     1.00      39.22        9.02      | 708334   0        224996   177847   28       | 24     2879997        11989523     -       
8      8      4      4/8    | 0.64      15.88     21.46     0.99      38.98        9.07      | 708334   0        304845   97998    28       | 32     2879997        11989523     -       
8      8      5      5/8    | 0.66      15.91     18.80     1.03      36.42        9.71      | 708334   0        369149   33694    28       | 40     2879997        11989523     -       
8      8      6      6/8    | 0.64      15.82     17.76     1.01      35.24        10.04     | 708334   0        398385   4458     28       | 48     2879997        11989523     -       
8      8      7      7/8    | 0.65      15.77     17.69     1.02      35.15        10.07     | 708334   0        402787   56       28       | 56     2879997        11989523     -       
8      8      8      8/8    | 0.66      15.71     17.42     1.02      34.82        10.16     | 708334   0        402871   0        0        | 64     2879997        11989523     -       
8      16     0      0/8    | 0.63      14.99     24.18     1.02      40.84        8.66      | 708334   0        0        402843   28       | 1      3447003        11989523     -       
8      16     1      1/8    | 0.62      14.87     24.21     1.04      40.75        8.68      | 708334   0        0        402843   28       | 8      3447003        11989523     -       
8      16     2      2/8    | 0.62      14.79     22.03     1.04      38.51        9.19      | 708334   0        137825   265018   28       | 16     3447003        11989523     -       
8      16     3      3/8    | 0.62      15.07     20.44     1.01      37.16        9.52      | 708334   0        224996   177847   28       | 24     3447003        11989523     -       
8      16     4      4/8    | 0.63      15.33     19.39     1.06      36.44        9.71      | 708334   0        304845   97998    28       | 32     3447003        11989523     -       
8      16     5      5/8    | 0.62      14.78     16.57     1.02      33.01        10.72     | 708334   0        369149   33694    28       | 40     3447003        11989523     -       
8      16     6      6/8    | 0.63      15.32     15.41     1.04      32.43        10.91     | 708334   0        398385   4458     28       | 48     3447003        11989523     -       
8      16     7      7/8    | 0.63      15.01     15.30     1.08      32.05        11.04     | 708334   0        402787   56       28       | 56     3447003        11989523     -       
8      16     8      8/8    | 0.62      14.85     15.07     1.05      31.61        11.19     | 708334   0        402871   0        0        | 64     3447003        11989523     -       
8      32     0      0/8    | 0.63      15.22     29.68     1.10      46.65        7.58      | 708334   0        0        402843   28       | 1      4230561        11989523     -       
8      32     1      1/8    | 0.64      15.39     29.69     1.11      46.86        7.55      | 708334   0        0        402843   28       | 8      4230561        11989523     -       
8      32     2      2/8    | 0.61      15.29     24.77     1.06      41.74        8.48      | 708334   0        137825   265018   28       | 16     4230561        11989523     -       
8      32     3      3/8    | 0.63      15.29     21.38     1.10      38.42        9.21      | 708334   0        224996   177847   28       | 24     4230561        11989523     -       
8      32     4      4/8    | 0.63      15.24     18.03     1.10      35.02        10.10     | 708334   0        304845   97998    28       | 32     4230561        11989523     -       
8      32     5      5/8    | 0.62      15.12     15.14     1.08      31.99        11.06     | 708334   0        369149   33694    28       | 40     4230561        11989523     -       
8      32     6      6/8    | 0.64      15.44     13.81     1.11      31.02        11.41     | 708334   0        398385   4458     28       | 48     4230561        11989523     -       
8      32     7      7/8    | 0.63      15.15     13.69     1.08      30.57        11.57     | 708334   0        402787   56       28       | 56     4230561        11989523     -       
8      32     8      8/8    | 0.62      15.41     13.44     1.11      30.61        11.56     | 708334   0        402871   0        0        | 64     4230561        11989523     -       
16     8      0      0/8    | 0.56      8.34      20.10     0.91      29.93        11.82     | 333225   0        0        109840   0        | 1      1037029        11989523     -       
16     8      1      1/8    | 0.56      8.49      20.06     0.92      30.05        11.77     | 333225   0        0        109840   0        | 32     1037029        11989523     -       
16     8      2      2/8    | 0.56      8.41      18.37     0.91      28.27        12.52     | 333225   0        51041    58799    0        | 64     1037029        11989523     -       
16     8      3      3/8    | 0.57      8.40      17.30     0.92      27.20        13.01     | 333225   0        77551    32289    0        | 96     1037029        11989523     -       
16     8      4      4/8    | 0.56      8.36      16.51     0.94      26.39        13.41     | 333225   0        94067    15773    0        | 128    1037029        11989523     -       
16     8      5      5/8    | 0.55      8.50      15.81     0.90      25.78        13.72     | 333225   0        104980   4860     0        | 160    1037029        11989523     -       
16     8      6      6/8    | 0.55      8.44      15.66     0.90      25.57        13.83     | 333225   0        109362   478      0        | 192    1037029        11989523     -       
16     8      7      7/8    | 0.56      8.43      15.72     0.90      25.63        13.80     | 333225   0        109840   0        0        | 224    1037029        11989523     -       
16     8      8      8/8    | 0.56      8.38      15.78     0.91      25.65        13.79     | 333225   0        109840   0        0        | 256    1037029        11989523     -       
16     16     0      0/8    | 0.43      7.18      17.38     0.97      25.97        13.62     | 333225   0        0        109840   0        | 1      1188171        11989523     -       
16     16     1      1/8    | 0.43      7.13      17.41     1.01      26.00        13.61     | 333225   0        0        109840   0        | 32     1188171        11989523     -       
16     16     2      2/8    | 0.43      7.17      15.49     1.00      24.11        14.67     | 333225   0        51041    58799    0        | 64     1188171        11989523     -       
16     16     3      3/8    | 0.44      7.18      14.43     0.98      23.05        15.35     | 333225   0        77551    32289    0        | 96     1188171        11989523     -       
16     16     4      4/8    | 0.43      7.20      13.63     0.96      22.24        15.91     | 333225   0        94067    15773    0        | 128    1188171        11989523     -       
16     16     5      5/8    | 0.44      7.14      13.20     0.99      21.79        16.24     | 333225   0        104980   4860     0        | 160    1188171        11989523     -       
16     16     6      6/8    | 0.43      7.16      13.09     0.98      21.67        16.33     | 333225   0        109362   478      0        | 192    1188171        11989523     -       
16     16     7      7/8    | 0.43      7.15      12.65     1.01      21.27        16.64     | 333225   0        109840   0        0        | 224    1188171        11989523     -       
16     16     8      8/8    | 0.42      7.15      12.66     1.03      21.27        16.63     | 333225   0        109840   0        0        | 256    1188171        11989523     -       
16     32     0      0/8    | 0.37      6.60      19.84     1.01      27.83        12.71     | 333225   0        0        109840   0        | 1      1382411        11989523     -       
16     32     1      1/8    | 0.36      6.60      19.83     1.02      27.84        12.71     | 333225   0        0        109840   0        | 32     1382411        11989523     -       
16     32     2      2/8    | 0.38      6.88      15.72     1.02      24.02        14.73     | 333225   0        51041    58799    0        | 64     1382411        11989523     -       
16     32     3      3/8    | 0.37      6.67      13.54     1.02      21.61        16.37     | 333225   0        77551    32289    0        | 96     1382411        11989523     -       
16     32     4      4/8    | 0.37      6.73      12.30     1.03      20.45        17.30     | 333225   0        94067    15773    0        | 128    1382411        11989523     -       
16     32     5      5/8    | 0.36      6.61      11.62     1.00      19.61        18.04     | 333225   0        104980   4860     0        | 160    1382411        11989523     -       
16     32     6      6/8    | 0.38      6.69      11.58     1.03      19.69        17.96     | 333225   0        109362   478      0        | 192    1382411        11989523     -       
16     32     7      7/8    | 0.37      6.82      11.05     0.99      19.26        18.37     | 333225   0        109840   0        0        | 224    1382411        11989523     -       
16     32     8      8/8    | 0.36      6.60      11.07     1.01      19.07        18.56     | 333225   0        109840   0        0        | 256    1382411        11989523     -       
32     8      0      0/8    | 0.57      5.41      19.02     0.92      25.94        13.64     | 145790   0        0        27421    0        | 1      362269         11989523     -       
32     8      1      1/8    | 0.58      5.39      19.06     0.87      25.91        13.65     | 145790   0        0        27421    0        | 128    362269         11989523     -       
32     8      2      2/8    | 0.57      5.38      16.80     0.88      23.64        14.96     | 145790   0        14941    12480    0        | 256    362269         11989523     -       
32     8      3      3/8    | 0.58      5.55      15.69     0.92      22.76        15.54     | 145790   0        21952    5469     0        | 384    362269         11989523     -       
32     8      4      4/8    | 0.58      5.32      15.05     0.90      21.86        16.18     | 145790   0        25459    1962     0        | 512    362269         11989523     -       
32     8      5      5/8    | 0.58      5.34      14.99     0.90      21.82        16.21     | 145790   0        26916    505      0        | 640    362269         11989523     -       
32     8      6      6/8    | 0.58      5.39      15.10     0.89      21.98        16.09     | 145790   0        27385    36       0        | 768    362269         11989523     -       
32     8      7      7/8    | 0.57      5.36      14.94     0.87      21.75        16.27     | 145790   0        27421    0        0        | 896    362269         11989523     -       
32     8      8      8/8    | 0.58      5.48      14.89     0.92      21.89        16.16     | 145790   0        27421    0        0        | 1024   362269         11989523     -       
32     16     0      0/8    | 0.43      4.22      18.60     0.89      24.15        14.65     | 145790   0        0        27421    0        | 1      401985         11989523     -       
32     16     1      1/8    | 0.44      4.32      18.61     0.96      24.35        14.53     | 145790   0        0        27421    0        | 128    401985         11989523     -       
32     16     2      2/8    | 0.44      4.32      15.59     0.93      21.28        16.62     | 145790   0        14941    12480    0        | 256    401985         11989523     -       
32     16     3      3/8    | 0.45      4.32      14.06     0.91      19.75        17.91     | 145790   0        21952    5469     0        | 384    401985         11989523     -       
32     16     4      4/8    | 0.43      4.31      13.30     0.93      18.97        18.65     | 145790   0        25459    1962     0        | 512    401985         11989523     -       
32     16     5      5/8    | 0.43      4.28      12.96     0.91      18.59        19.03     | 145790   0        26916    505      0        | 640    401985         11989523     -       
32     16     6      6/8    | 0.44      4.33      13.19     0.92      18.90        18.72     | 145790   0        27385    36       0        | 768    401985         11989523     -       
32     16     7      7/8    | 0.43      4.38      12.82     0.94      18.59        19.03     | 145790   0        27421    0        0        | 896    401985         11989523     -       
32     16     8      8/8    | 0.43      4.16      12.81     0.91      18.32        19.31     | 145790   0        27421    0        0        | 1024   401985         11989523     -       
32     32     0      0/8    | 0.34      3.38      19.38     0.92      24.03        14.72     | 145790   0        0        27421    0        | 1      446313         11989523     -       
32     32     1      1/8    | 0.34      3.41      19.35     0.90      24.01        14.74     | 145790   0        0        27421    0        | 128    446313         11989523     -       
32     32     2      2/8    | 0.34      3.35      15.13     0.96      19.80        17.87     | 145790   0        14941    12480    0        | 256    446313         11989523     -       
32     32     3      3/8    | 0.34      3.35      12.94     0.90      17.54        20.17     | 145790   0        21952    5469     0        | 384    446313         11989523     -       
32     32     4      4/8    | 0.33      3.36      11.74     0.91      16.36        21.62     | 145790   0        25459    1962     0        | 512    446313         11989523     -       
32     32     5      5/8    | 0.33      3.36      11.12     0.93      15.76        22.45     | 145790   0        26916    505      0        | 640    446313         11989523     -       
32     32     6      6/8    | 0.33      3.41      11.13     0.89      15.77        22.43     | 145790   0        27385    36       0        | 768    446313         11989523     -       
32     32     7      7/8    | 0.34      3.38      11.00     0.95      15.69        22.55     | 145790   0        27421    0        0        | 896    446313         11989523     -       
32     32     8      8/8    | 0.32      3.33      10.96     0.91      15.54        22.76     | 145790   0        27421    0        0        | 1024   446313         11989523     -       
