# Matrix: tandem_vtx
# Path: /home/stu1/Dataset/training_dataset/10k-50k-0.01-0.1/tandem_vtx.mtx
# Category: 10k-50k-0.01-0.1
# Date: 2026-03-06 04:11:41
# Configs: 81 (9 tiles x 9 TC thresholds)
# Version: AdaSpGEMM_new
#
# Rows: 18454
# Cols: 18454
# NNZ(A): 253350
# NNZ(C) estimate: 3682680
#
tile_m tile_n tc_frc tc     | step1_ms  step2_ms  step3_ms  malloc    total_ms     gflops    | n_tiny   n_sml    n_lrg    n_dns    n_ful    | th_lrg tiles_C        nnzC         error   
-----------------------------------------------------------------------------------------------------------------------------------------------------------------------------------------
8      8      0      0/8    | 0.13      1.27      0.85      0.75      3.01         2.45      | 86379    0        0        43770    134      | 1      448331         1162304      -       
8      8      1      1/8    | 0.14      1.28      0.84      0.74      3.01         2.44      | 86379    0        0        43770    134      | 8      448331         1162304      -       
8      8      2      2/8    | 0.15      1.35      0.71      0.82      3.04         2.42      | 86379    0        22573    21197    134      | 16     448331         1162304      -       
8      8      3      3/8    | 0.14      1.29      0.63      0.78      2.84         2.59      | 86379    0        32987    10783    134      | 24     448331         1162304      -       
8      8      4      4/8    | 0.14      1.31      0.63      0.77      2.86         2.58      | 86379    0        38143    5627     134      | 32     448331         1162304      -       
8      8      5      5/8    | 0.14      1.31      0.57      0.76      2.79         2.64      | 86379    0        40820    2950     134      | 40     448331         1162304      -       
8      8      6      6/8    | 0.14      1.32      0.57      0.77      2.81         2.62      | 86379    0        42446    1324     134      | 48     448331         1162304      -       
8      8      7      7/8    | 0.14      1.29      0.58      0.78      2.80         2.63      | 86379    0        43300    470      134      | 56     448331         1162304      -       
8      8      8      8/8    | 0.14      1.36      0.56      0.78      2.86         2.58      | 86379    0        43904    0        0        | 64     448331         1162304      -       
8      16     0      0/8    | 0.15      1.90      0.96      0.80      3.82         1.93      | 86379    0        0        43770    134      | 1      667467         1162304      -       
8      16     1      1/8    | 0.14      1.81      0.96      0.79      3.71         1.98      | 86379    0        0        43770    134      | 8      667467         1162304      -       
8      16     2      2/8    | 0.14      1.81      0.77      0.79      3.51         2.10      | 86379    0        22573    21197    134      | 16     667467         1162304      -       
8      16     3      3/8    | 0.14      1.81      0.67      0.78      3.42         2.16      | 86379    0        32987    10783    134      | 24     667467         1162304      -       
8      16     4      4/8    | 0.15      1.88      0.65      0.84      3.53         2.08      | 86379    0        38143    5627     134      | 32     667467         1162304      -       
8      16     5      5/8    | 0.15      1.87      0.59      0.79      3.42         2.16      | 86379    0        40820    2950     134      | 40     667467         1162304      -       
8      16     6      6/8    | 0.15      1.86      0.58      0.83      3.43         2.15      | 86379    0        42446    1324     134      | 48     667467         1162304      -       
8      16     7      7/8    | 0.15      1.85      0.59      0.81      3.41         2.16      | 86379    0        43300    470      134      | 56     667467         1162304      -       
8      16     8      8/8    | 0.15      1.89      0.56      0.81      3.42         2.15      | 86379    0        43904    0        0        | 64     667467         1162304      -       
8      32     0      0/8    | 0.17      2.67      1.50      0.86      5.22         1.41      | 86379    0        0        43770    134      | 1      980295         1162304      -       
8      32     1      1/8    | 0.17      2.64      1.49      0.84      5.15         1.43      | 86379    0        0        43770    134      | 8      980295         1162304      -       
8      32     2      2/8    | 0.18      2.64      1.10      0.87      4.81         1.53      | 86379    0        22573    21197    134      | 16     980295         1162304      -       
8      32     3      3/8    | 0.17      2.61      0.90      0.83      4.51         1.63      | 86379    0        32987    10783    134      | 24     980295         1162304      -       
8      32     4      4/8    | 0.18      2.65      0.79      0.86      4.49         1.64      | 86379    0        38143    5627     134      | 32     980295         1162304      -       
8      32     5      5/8    | 0.17      2.65      0.70      0.84      4.36         1.69      | 86379    0        40820    2950     134      | 40     980295         1162304      -       
8      32     6      6/8    | 0.16      2.61      0.69      0.82      4.30         1.71      | 86379    0        42446    1324     134      | 48     980295         1162304      -       
8      32     7      7/8    | 0.16      2.62      0.69      0.83      4.31         1.71      | 86379    0        43300    470      134      | 56     980295         1162304      -       
8      32     8      8/8    | 0.17      2.66      0.57      0.87      4.29         1.72      | 86379    0        43904    0        0        | 64     980295         1162304      -       
16     8      0      0/8    | 0.16      0.69      0.77      0.54      2.16         3.41      | 52979    0        0        10703    0        | 1      200180         1162304      -       
16     8      1      1/8    | 0.16      0.70      0.78      0.55      2.21         3.34      | 52979    0        0        10703    0        | 32     200180         1162304      -       
16     8      2      2/8    | 0.16      0.70      0.64      0.56      2.07         3.56      | 52979    0        6859     3844     0        | 64     200180         1162304      -       
16     8      3      3/8    | 0.16      0.69      0.56      0.55      1.97         3.75      | 52979    0        9261     1442     0        | 96     200180         1162304      -       
16     8      4      4/8    | 0.16      0.71      0.55      0.53      1.96         3.75      | 52979    0        9967     736      0        | 128    200180         1162304      -       
16     8      5      5/8    | 0.16      0.69      0.56      0.56      1.98         3.73      | 52979    0        10228    475      0        | 160    200180         1162304      -       
16     8      6      6/8    | 0.16      0.70      0.56      0.55      1.99         3.70      | 52979    0        10484    219      0        | 192    200180         1162304      -       
16     8      7      7/8    | 0.16      0.71      0.58      0.57      2.02         3.64      | 52979    0        10690    13       0        | 224    200180         1162304      -       
16     8      8      8/8    | 0.15      0.69      0.57      0.54      1.96         3.76      | 52979    0        10703    0        0        | 256    200180         1162304      -       
16     16     0      0/8    | 0.14      0.87      0.77      0.77      2.57         2.87      | 52979    0        0        10703    0        | 1      287454         1162304      -       
16     16     1      1/8    | 0.14      0.87      0.79      0.75      2.57         2.86      | 52979    0        0        10703    0        | 32     287454         1162304      -       
16     16     2      2/8    | 0.15      0.88      0.65      0.76      2.44         3.02      | 52979    0        6859     3844     0        | 64     287454         1162304      -       
16     16     3      3/8    | 0.14      0.88      0.64      0.75      2.42         3.05      | 52979    0        9261     1442     0        | 96     287454         1162304      -       
16     16     4      4/8    | 0.15      0.86      0.66      0.78      2.45         3.01      | 52979    0        9967     736      0        | 128    287454         1162304      -       
16     16     5      5/8    | 0.16      0.93      0.65      0.82      2.56         2.87      | 52979    0        10228    475      0        | 160    287454         1162304      -       
16     16     6      6/8    | 0.15      0.88      0.63      0.78      2.45         3.01      | 52979    0        10484    219      0        | 192    287454         1162304      -       
16     16     7      7/8    | 0.15      0.88      0.58      0.75      2.37         3.11      | 52979    0        10690    13       0        | 224    287454         1162304      -       
16     16     8      8/8    | 0.15      0.91      0.52      0.82      2.42         3.04      | 52979    0        10703    0        0        | 256    287454         1162304      -       
16     32     0      0/8    | 0.15      1.19      1.29      0.81      3.45         2.13      | 52979    0        0        10703    0        | 1      400258         1162304      -       
16     32     1      1/8    | 0.16      1.17      1.26      0.85      3.46         2.13      | 52979    0        0        10703    0        | 32     400258         1162304      -       
16     32     2      2/8    | 0.15      1.21      0.97      0.80      3.14         2.34      | 52979    0        6859     3844     0        | 64     400258         1162304      -       
16     32     3      3/8    | 0.16      1.22      0.88      0.85      3.12         2.36      | 52979    0        9261     1442     0        | 96     400258         1162304      -       
16     32     4      4/8    | 0.15      1.15      0.90      0.81      3.02         2.44      | 52979    0        9967     736      0        | 128    400258         1162304      -       
16     32     5      5/8    | 0.15      1.17      0.91      0.83      3.08         2.39      | 52979    0        10228    475      0        | 160    400258         1162304      -       
16     32     6      6/8    | 0.15      1.24      0.89      0.80      3.09         2.39      | 52979    0        10484    219      0        | 192    400258         1162304      -       
16     32     7      7/8    | 0.15      1.18      0.73      0.79      2.86         2.58      | 52979    0        10690    13       0        | 224    400258         1162304      -       
16     32     8      8/8    | 0.15      1.17      0.49      0.84      2.67         2.76      | 52979    0        10703    0        0        | 256    400258         1162304      -       
32     8      0      0/8    | 0.21      0.65      1.02      0.44      2.33         3.17      | 30146    0        0        2031     0        | 1      89787          1162304      -       
32     8      1      1/8    | 0.20      0.68      1.05      0.42      2.36         3.12      | 30146    0        0        2031     0        | 128    89787          1162304      -       
32     8      2      2/8    | 0.20      0.68      0.86      0.42      2.17         3.39      | 30146    0        1529     502      0        | 256    89787          1162304      -       
32     8      3      3/8    | 0.21      0.67      0.85      0.44      2.18         3.38      | 30146    0        1755     276      0        | 384    89787          1162304      -       
32     8      4      4/8    | 0.21      0.66      0.83      0.44      2.15         3.43      | 30146    0        1904     127      0        | 512    89787          1162304      -       
32     8      5      5/8    | 0.20      0.67      0.76      0.43      2.08         3.55      | 30146    0        2025     6        0        | 640    89787          1162304      -       
32     8      6      6/8    | 0.20      0.69      0.72      0.42      2.04         3.60      | 30146    0        2031     0        0        | 768    89787          1162304      -       
32     8      7      7/8    | 0.20      0.69      0.72      0.42      2.03         3.62      | 30146    0        2031     0        0        | 896    89787          1162304      -       
32     8      8      8/8    | 0.20      0.66      0.78      0.43      2.08         3.55      | 30146    0        2031     0        0        | 1024   89787          1162304      -       
32     16     0      0/8    | 0.18      0.60      1.17      0.48      2.44         3.01      | 30146    0        0        2031     0        | 1      122033         1162304      -       
32     16     1      1/8    | 0.18      0.61      1.19      0.50      2.48         2.97      | 30146    0        0        2031     0        | 128    122033         1162304      -       
32     16     2      2/8    | 0.17      0.60      0.96      0.49      2.24         3.29      | 30146    0        1529     502      0        | 256    122033         1162304      -       
32     16     3      3/8    | 0.18      0.62      1.01      0.54      2.37         3.11      | 30146    0        1755     276      0        | 384    122033         1162304      -       
32     16     4      4/8    | 0.18      0.60      1.05      0.51      2.34         3.14      | 30146    0        1904     127      0        | 512    122033         1162304      -       
32     16     5      5/8    | 0.17      0.63      0.91      0.50      2.23         3.30      | 30146    0        2025     6        0        | 640    122033         1162304      -       
32     16     6      6/8    | 0.17      0.61      0.65      0.50      1.95         3.78      | 30146    0        2031     0        0        | 768    122033         1162304      -       
32     16     7      7/8    | 0.18      0.63      0.68      0.54      2.04         3.62      | 30146    0        2031     0        0        | 896    122033         1162304      -       
32     16     8      8/8    | 0.18      0.63      0.68      0.54      2.04         3.61      | 30146    0        2031     0        0        | 1024   122033         1162304      -       
32     32     0      0/8    | 0.16      0.61      1.17      0.56      2.51         2.93      | 30146    0        0        2031     0        | 1      160155         1162304      -       
32     32     1      1/8    | 0.15      0.63      1.17      0.55      2.52         2.93      | 30146    0        0        2031     0        | 128    160155         1162304      -       
32     32     2      2/8    | 0.15      0.63      0.91      0.54      2.25         3.27      | 30146    0        1529     502      0        | 256    160155         1162304      -       
32     32     3      3/8    | 0.17      0.65      0.93      0.59      2.35         3.13      | 30146    0        1755     276      0        | 384    160155         1162304      -       
32     32     4      4/8    | 0.17      0.64      0.90      0.59      2.31         3.19      | 30146    0        1904     127      0        | 512    160155         1162304      -       
32     32     5      5/8    | 0.16      0.63      0.75      0.58      2.14         3.44      | 30146    0        2025     6        0        | 640    160155         1162304      -       
32     32     6      6/8    | 0.16      0.64      0.62      0.57      2.00         3.68      | 30146    0        2031     0        0        | 768    160155         1162304      -       
32     32     7      7/8    | 0.16      0.62      0.60      0.60      2.00         3.69      | 30146    0        2031     0        0        | 896    160155         1162304      -       
32     32     8      8/8    | 0.16      0.64      0.62      0.57      2.01         3.67      | 30146    0        2031     0        0        | 1024   160155         1162304      -       
