# Matrix: poli3
# Path: /home/stu1/Dataset/training_dataset/10k-50k-0.001-0.01/poli3.mtx
# Category: 10k-50k-0.001-0.01
# Date: 2026-03-06 00:46:18
# Configs: 81 (9 tiles x 9 TC thresholds)
# Version: AdaSpGEMM_new
#
# Rows: 16955
# Cols: 16955
# NNZ(A): 37849
# NNZ(C) estimate: 97492
#
tile_m tile_n tc_frc tc     | step1_ms  step2_ms  step3_ms  malloc    total_ms     gflops    | n_tiny   n_sml    n_lrg    n_dns    n_ful    | th_lrg tiles_C        nnzC         error   
-----------------------------------------------------------------------------------------------------------------------------------------------------------------------------------------
8      8      0      0/8    | 0.23      0.38      0.07      0.28      0.96         0.20      | 36658    0        0        1035     0        | 1      108167         73931        -       
8      8      1      1/8    | 0.22      0.40      0.08      0.29      0.99         0.20      | 36658    0        0        1035     0        | 8      108167         73931        -       
8      8      2      2/8    | 0.23      0.37      0.07      0.30      0.98         0.20      | 36658    0        1014     21       0        | 16     108167         73931        -       
8      8      3      3/8    | 0.23      0.37      0.07      0.29      0.97         0.20      | 36658    0        1035     0        0        | 24     108167         73931        -       
8      8      4      4/8    | 0.22      0.35      0.07      0.27      0.91         0.21      | 36658    0        1035     0        0        | 32     108167         73931        -       
8      8      5      5/8    | 0.23      0.37      0.07      0.30      0.98         0.20      | 36658    0        1035     0        0        | 40     108167         73931        -       
8      8      6      6/8    | 0.23      0.37      0.07      0.28      0.95         0.21      | 36658    0        1035     0        0        | 48     108167         73931        -       
8      8      7      7/8    | 0.23      0.39      0.07      0.30      0.99         0.20      | 36658    0        1035     0        0        | 56     108167         73931        -       
8      8      8      8/8    | 0.22      0.39      0.07      0.28      0.97         0.20      | 36658    0        1035     0        0        | 64     108167         73931        -       
8      16     0      0/8    | 0.21      0.63      0.08      0.43      1.35         0.14      | 36658    0        0        1035     0        | 1      201464         73931        -       
8      16     1      1/8    | 0.21      0.62      0.08      0.42      1.35         0.14      | 36658    0        0        1035     0        | 8      201464         73931        -       
8      16     2      2/8    | 0.22      0.66      0.08      0.46      1.43         0.14      | 36658    0        1014     21       0        | 16     201464         73931        -       
8      16     3      3/8    | 0.22      0.65      0.07      0.43      1.38         0.14      | 36658    0        1035     0        0        | 24     201464         73931        -       
8      16     4      4/8    | 0.21      0.63      0.08      0.45      1.38         0.14      | 36658    0        1035     0        0        | 32     201464         73931        -       
8      16     5      5/8    | 0.22      0.63      0.07      0.43      1.36         0.14      | 36658    0        1035     0        0        | 40     201464         73931        -       
8      16     6      6/8    | 0.22      0.68      0.08      0.44      1.42         0.14      | 36658    0        1035     0        0        | 48     201464         73931        -       
8      16     7      7/8    | 0.22      0.68      0.08      0.45      1.44         0.14      | 36658    0        1035     0        0        | 56     201464         73931        -       
8      16     8      8/8    | 0.21      0.63      0.07      0.43      1.36         0.14      | 36658    0        1035     0        0        | 64     201464         73931        -       
8      32     0      0/8    | 0.21      1.09      0.10      0.61      2.03         0.10      | 36658    0        0        1035     0        | 1      363361         73931        -       
8      32     1      1/8    | 0.20      1.06      0.10      0.59      1.97         0.10      | 36658    0        0        1035     0        | 8      363361         73931        -       
8      32     2      2/8    | 0.20      1.04      0.09      0.60      1.94         0.10      | 36658    0        1014     21       0        | 16     363361         73931        -       
8      32     3      3/8    | 0.20      1.04      0.07      0.59      1.91         0.10      | 36658    0        1035     0        0        | 24     363361         73931        -       
8      32     4      4/8    | 0.20      1.04      0.08      0.60      1.94         0.10      | 36658    0        1035     0        0        | 32     363361         73931        -       
8      32     5      5/8    | 0.20      1.05      0.07      0.59      1.93         0.10      | 36658    0        1035     0        0        | 40     363361         73931        -       
8      32     6      6/8    | 0.22      1.10      0.08      0.65      2.06         0.09      | 36658    0        1035     0        0        | 48     363361         73931        -       
8      32     7      7/8    | 0.21      1.10      0.08      0.61      2.01         0.10      | 36658    0        1035     0        0        | 56     363361         73931        -       
8      32     8      8/8    | 0.21      1.06      0.07      0.64      2.00         0.10      | 36658    0        1035     0        0        | 64     363361         73931        -       
16     8      0      0/8    | 0.21      0.28      0.09      0.27      0.86         0.23      | 31943    0        0        17       0        | 1      88980          73931        -       
16     8      1      1/8    | 0.20      0.25      0.08      0.26      0.81         0.24      | 31943    0        0        17       0        | 32     88980          73931        -       
16     8      2      2/8    | 0.21      0.26      0.09      0.29      0.85         0.23      | 31943    0        17       0        0        | 64     88980          73931        -       
16     8      3      3/8    | 0.20      0.29      0.09      0.25      0.83         0.23      | 31943    0        17       0        0        | 96     88980          73931        -       
16     8      4      4/8    | 0.22      0.28      0.09      0.29      0.89         0.22      | 31943    0        17       0        0        | 128    88980          73931        -       
16     8      5      5/8    | 0.21      0.27      0.09      0.27      0.85         0.23      | 31943    0        17       0        0        | 160    88980          73931        -       
16     8      6      6/8    | 0.21      0.27      0.09      0.30      0.87         0.22      | 31943    0        17       0        0        | 192    88980          73931        -       
16     8      7      7/8    | 0.20      0.27      0.08      0.27      0.83         0.23      | 31943    0        17       0        0        | 224    88980          73931        -       
16     8      8      8/8    | 0.20      0.26      0.08      0.27      0.83         0.23      | 31943    0        17       0        0        | 256    88980          73931        -       
16     16     0      0/8    | 0.20      0.50      0.09      0.41      1.20         0.16      | 31943    0        0        17       0        | 1      145073         73931        -       
16     16     1      1/8    | 0.19      0.47      0.08      0.39      1.14         0.17      | 31943    0        0        17       0        | 32     145073         73931        -       
16     16     2      2/8    | 0.19      0.48      0.08      0.39      1.15         0.17      | 31943    0        17       0        0        | 64     145073         73931        -       
16     16     3      3/8    | 0.19      0.48      0.08      0.40      1.16         0.17      | 31943    0        17       0        0        | 96     145073         73931        -       
16     16     4      4/8    | 0.19      0.57      0.08      0.48      1.32         0.15      | 31943    0        17       0        0        | 128    145073         73931        -       
16     16     5      5/8    | 0.19      0.47      0.08      0.39      1.13         0.17      | 31943    0        17       0        0        | 160    145073         73931        -       
16     16     6      6/8    | 0.20      0.50      0.08      0.44      1.22         0.16      | 31943    0        17       0        0        | 192    145073         73931        -       
16     16     7      7/8    | 0.19      0.46      0.08      0.40      1.14         0.17      | 31943    0        17       0        0        | 224    145073         73931        -       
16     16     8      8/8    | 0.20      0.50      0.08      0.41      1.19         0.16      | 31943    0        17       0        0        | 256    145073         73931        -       
16     32     0      0/8    | 0.20      0.78      0.12      0.46      1.57         0.12      | 31943    0        0        17       0        | 1      246237         73931        -       
16     32     1      1/8    | 0.19      0.76      0.11      0.44      1.51         0.13      | 31943    0        0        17       0        | 32     246237         73931        -       
16     32     2      2/8    | 0.19      0.75      0.08      0.45      1.48         0.13      | 31943    0        17       0        0        | 64     246237         73931        -       
16     32     3      3/8    | 0.19      0.76      0.08      0.44      1.49         0.13      | 31943    0        17       0        0        | 96     246237         73931        -       
16     32     4      4/8    | 0.20      0.78      0.08      0.45      1.52         0.13      | 31943    0        17       0        0        | 128    246237         73931        -       
16     32     5      5/8    | 0.19      0.75      0.08      0.43      1.46         0.13      | 31943    0        17       0        0        | 160    246237         73931        -       
16     32     6      6/8    | 0.20      0.78      0.08      0.47      1.53         0.13      | 31943    0        17       0        0        | 192    246237         73931        -       
16     32     7      7/8    | 0.18      0.75      0.08      0.44      1.47         0.13      | 31943    0        17       0        0        | 224    246237         73931        -       
16     32     8      8/8    | 0.19      0.77      0.08      0.46      1.50         0.13      | 31943    0        17       0        0        | 256    246237         73931        -       
32     8      0      0/8    | 0.24      0.28      0.13      0.34      1.00         0.19      | 26428    0        0        0        0        | 1      67760          73931        -       
32     8      1      1/8    | 0.24      0.30      0.14      0.36      1.04         0.19      | 26428    0        0        0        0        | 128    67760          73931        -       
32     8      2      2/8    | 0.23      0.26      0.14      0.33      0.96         0.20      | 26428    0        0        0        0        | 256    67760          73931        -       
32     8      3      3/8    | 0.23      0.29      0.14      0.34      1.01         0.19      | 26428    0        0        0        0        | 384    67760          73931        -       
32     8      4      4/8    | 0.24      0.31      0.14      0.37      1.07         0.18      | 26428    0        0        0        0        | 512    67760          73931        -       
32     8      5      5/8    | 0.24      0.30      0.14      0.36      1.05         0.19      | 26428    0        0        0        0        | 640    67760          73931        -       
32     8      6      6/8    | 0.23      0.26      0.14      0.33      0.96         0.20      | 26428    0        0        0        0        | 768    67760          73931        -       
32     8      7      7/8    | 0.24      0.30      0.14      0.34      1.02         0.19      | 26428    0        0        0        0        | 896    67760          73931        -       
32     8      8      8/8    | 0.24      0.31      0.14      0.37      1.08         0.18      | 26428    0        0        0        0        | 1024   67760          73931        -       
32     16     0      0/8    | 0.20      0.35      0.13      0.38      1.07         0.18      | 26428    0        0        0        0        | 1      101550         73931        -       
32     16     1      1/8    | 0.21      0.34      0.14      0.38      1.07         0.18      | 26428    0        0        0        0        | 128    101550         73931        -       
32     16     2      2/8    | 0.21      0.36      0.13      0.37      1.09         0.18      | 26428    0        0        0        0        | 256    101550         73931        -       
32     16     3      3/8    | 0.21      0.36      0.12      0.39      1.09         0.18      | 26428    0        0        0        0        | 384    101550         73931        -       
32     16     4      4/8    | 0.21      0.36      0.13      0.38      1.10         0.18      | 26428    0        0        0        0        | 512    101550         73931        -       
32     16     5      5/8    | 0.21      0.36      0.14      0.38      1.10         0.18      | 26428    0        0        0        0        | 640    101550         73931        -       
32     16     6      6/8    | 0.21      0.35      0.14      0.39      1.09         0.18      | 26428    0        0        0        0        | 768    101550         73931        -       
32     16     7      7/8    | 0.21      0.36      0.13      0.38      1.09         0.18      | 26428    0        0        0        0        | 896    101550         73931        -       
32     16     8      8/8    | 0.20      0.37      0.13      0.38      1.09         0.18      | 26428    0        0        0        0        | 1024   101550         73931        -       
32     32     0      0/8    | 0.21      0.50      0.13      0.47      1.31         0.15      | 26428    0        0        0        0        | 1      146280         73931        -       
32     32     1      1/8    | 0.19      0.47      0.12      0.43      1.23         0.16      | 26428    0        0        0        0        | 128    146280         73931        -       
32     32     2      2/8    | 0.20      0.48      0.13      0.44      1.25         0.16      | 26428    0        0        0        0        | 256    146280         73931        -       
32     32     3      3/8    | 0.20      0.50      0.11      0.47      1.30         0.15      | 26428    0        0        0        0        | 384    146280         73931        -       
32     32     4      4/8    | 0.21      0.50      0.11      0.51      1.34         0.15      | 26428    0        0        0        0        | 512    146280         73931        -       
32     32     5      5/8    | 0.20      0.48      0.12      0.45      1.25         0.16      | 26428    0        0        0        0        | 640    146280         73931        -       
32     32     6      6/8    | 0.20      0.47      0.11      0.45      1.24         0.16      | 26428    0        0        0        0        | 768    146280         73931        -       
32     32     7      7/8    | 0.20      0.48      0.12      0.44      1.26         0.15      | 26428    0        0        0        0        | 896    146280         73931        -       
32     32     8      8/8    | 0.20      0.48      0.12      0.45      1.26         0.15      | 26428    0        0        0        0        | 1024   146280         73931        -       
