# Matrix: vibrobox
# Path: /home/stu1/Dataset/training_dataset/10k-50k-0.01-0.1/vibrobox.mtx
# Category: 10k-50k-0.01-0.1
# Date: 2026-03-06 04:38:25
# Configs: 81 (9 tiles x 9 TC thresholds)
# Version: AdaSpGEMM_new
#
# Rows: 12328
# Cols: 12328
# NNZ(A): 342828
# NNZ(C) estimate: 12724852
#
tile_m tile_n tc_frc tc     | step1_ms  step2_ms  step3_ms  malloc    total_ms     gflops    | n_tiny   n_sml    n_lrg    n_dns    n_ful    | th_lrg tiles_C        nnzC         error   
-----------------------------------------------------------------------------------------------------------------------------------------------------------------------------------------
8      8      0      0/8    | 0.37      2.26      2.63      0.82      6.11         4.17      | 212172   0        0        99185    0        | 1      689109         2471588      -       
8      8      1      1/8    | 0.36      2.34      2.63      0.79      6.14         4.15      | 212172   0        0        99185    0        | 8      689109         2471588      -       
8      8      2      2/8    | 0.36      2.36      2.27      0.80      5.80         4.39      | 212172   0        59238    39947    0        | 16     689109         2471588      -       
8      8      3      3/8    | 0.38      2.32      2.08      0.87      5.67         4.49      | 212172   0        85653    13532    0        | 24     689109         2471588      -       
8      8      4      4/8    | 0.36      2.29      2.11      0.79      5.56         4.58      | 212172   0        97383    1802     0        | 32     689109         2471588      -       
8      8      5      5/8    | 0.37      2.34      2.06      0.81      5.59         4.55      | 212172   0        98984    201      0        | 40     689109         2471588      -       
8      8      6      6/8    | 0.36      2.25      2.01      0.79      5.43         4.69      | 212172   0        99138    47       0        | 48     689109         2471588      -       
8      8      7      7/8    | 0.37      2.35      2.03      0.80      5.57         4.57      | 212172   0        99185    0        0        | 56     689109         2471588      -       
8      8      8      8/8    | 0.38      2.39      2.06      0.82      5.65         4.51      | 212172   0        99185    0        0        | 64     689109         2471588      -       
8      16     0      0/8    | 0.34      2.39      2.80      0.79      6.33         4.02      | 212172   0        0        99185    0        | 1      861395         2471588      -       
8      16     1      1/8    | 0.33      2.31      2.81      0.77      6.23         4.09      | 212172   0        0        99185    0        | 8      861395         2471588      -       
8      16     2      2/8    | 0.33      2.39      2.27      0.77      5.78         4.41      | 212172   0        59238    39947    0        | 16     861395         2471588      -       
8      16     3      3/8    | 0.33      2.31      1.94      0.75      5.34         4.77      | 212172   0        85653    13532    0        | 24     861395         2471588      -       
8      16     4      4/8    | 0.33      2.32      1.90      0.77      5.33         4.78      | 212172   0        97383    1802     0        | 32     861395         2471588      -       
8      16     5      5/8    | 0.34      2.38      1.74      0.82      5.29         4.81      | 212172   0        98984    201      0        | 40     861395         2471588      -       
8      16     6      6/8    | 0.33      2.36      1.76      0.78      5.24         4.86      | 212172   0        99138    47       0        | 48     861395         2471588      -       
8      16     7      7/8    | 0.34      2.41      1.77      0.79      5.33         4.78      | 212172   0        99185    0        0        | 56     861395         2471588      -       
8      16     8      8/8    | 0.34      2.32      1.76      0.79      5.21         4.88      | 212172   0        99185    0        0        | 64     861395         2471588      -       
8      32     0      0/8    | 0.28      2.94      3.88      0.83      7.95         3.20      | 212172   0        0        99185    0        | 1      1061347        2471588      -       
8      32     1      1/8    | 0.29      2.84      3.88      0.85      7.87         3.23      | 212172   0        0        99185    0        | 8      1061347        2471588      -       
8      32     2      2/8    | 0.28      2.81      2.70      0.84      6.64         3.83      | 212172   0        59238    39947    0        | 16     1061347        2471588      -       
8      32     3      3/8    | 0.28      2.82      2.01      0.83      5.95         4.28      | 212172   0        85653    13532    0        | 24     1061347        2471588      -       
8      32     4      4/8    | 0.28      2.87      1.70      0.82      5.69         4.48      | 212172   0        97383    1802     0        | 32     1061347        2471588      -       
8      32     5      5/8    | 0.30      2.93      1.66      0.91      5.83         4.37      | 212172   0        98984    201      0        | 40     1061347        2471588      -       
8      32     6      6/8    | 0.29      2.83      1.67      0.83      5.62         4.53      | 212172   0        99138    47       0        | 48     1061347        2471588      -       
8      32     7      7/8    | 0.28      2.84      1.61      0.84      5.58         4.56      | 212172   0        99185    0        0        | 56     1061347        2471588      -       
8      32     8      8/8    | 0.29      2.86      1.61      0.82      5.59         4.55      | 212172   0        99185    0        0        | 64     1061347        2471588      -       
16     8      0      0/8    | 0.32      1.85      2.36      0.73      5.26         4.84      | 115447   0        0        23484    0        | 1      268851         2471588      -       
16     8      1      1/8    | 0.32      1.83      2.38      0.74      5.29         4.81      | 115447   0        0        23484    0        | 32     268851         2471588      -       
16     8      2      2/8    | 0.32      1.88      2.07      0.79      5.07         5.02      | 115447   0        18466    5018     0        | 64     268851         2471588      -       
16     8      3      3/8    | 0.33      1.89      1.92      0.75      4.90         5.19      | 115447   0        22840    644      0        | 96     268851         2471588      -       
16     8      4      4/8    | 0.33      1.80      2.13      0.78      5.06         5.03      | 115447   0        23420    64       0        | 128    268851         2471588      -       
16     8      5      5/8    | 0.32      1.90      2.22      0.74      5.19         4.90      | 115447   0        23476    8        0        | 160    268851         2471588      -       
16     8      6      6/8    | 0.32      1.89      2.22      0.75      5.19         4.90      | 115447   0        23482    2        0        | 192    268851         2471588      -       
16     8      7      7/8    | 0.31      1.85      2.21      0.72      5.10         4.99      | 115447   0        23484    0        0        | 224    268851         2471588      -       
16     8      8      8/8    | 0.32      1.82      2.21      0.72      5.08         5.01      | 115447   0        23484    0        0        | 256    268851         2471588      -       
16     16     0      0/8    | 0.26      1.74      2.33      0.79      5.12         4.97      | 115447   0        0        23484    0        | 1      322663         2471588      -       
16     16     1      1/8    | 0.27      1.75      2.33      0.76      5.12         4.97      | 115447   0        0        23484    0        | 32     322663         2471588      -       
16     16     2      2/8    | 0.28      1.77      1.84      0.86      4.75         5.35      | 115447   0        18466    5018     0        | 64     322663         2471588      -       
16     16     3      3/8    | 0.27      1.73      1.81      0.82      4.64         5.48      | 115447   0        22840    644      0        | 96     322663         2471588      -       
16     16     4      4/8    | 0.27      1.78      1.84      0.81      4.72         5.40      | 115447   0        23420    64       0        | 128    322663         2471588      -       
16     16     5      5/8    | 0.27      1.73      1.79      0.85      4.66         5.46      | 115447   0        23476    8        0        | 160    322663         2471588      -       
16     16     6      6/8    | 0.26      1.77      1.77      0.77      4.58         5.55      | 115447   0        23482    2        0        | 192    322663         2471588      -       
16     16     7      7/8    | 0.27      1.73      1.75      0.79      4.54         5.60      | 115447   0        23484    0        0        | 224    322663         2471588      -       
16     16     8      8/8    | 0.27      1.75      1.78      0.82      4.62         5.50      | 115447   0        23484    0        0        | 256    322663         2471588      -       
16     32     0      0/8    | 0.24      1.58      2.97      0.81      5.62         4.53      | 115447   0        0        23484    0        | 1      374253         2471588      -       
16     32     1      1/8    | 0.23      1.55      2.99      0.84      5.63         4.52      | 115447   0        0        23484    0        | 32     374253         2471588      -       
16     32     2      2/8    | 0.23      1.47      1.81      0.83      4.34         5.86      | 115447   0        18466    5018     0        | 64     374253         2471588      -       
16     32     3      3/8    | 0.23      1.48      1.61      0.82      4.15         6.14      | 115447   0        22840    644      0        | 96     374253         2471588      -       
16     32     4      4/8    | 0.23      1.54      1.64      0.82      4.24         6.00      | 115447   0        23420    64       0        | 128    374253         2471588      -       
16     32     5      5/8    | 0.23      1.53      1.53      0.80      4.10         6.20      | 115447   0        23476    8        0        | 160    374253         2471588      -       
16     32     6      6/8    | 0.22      1.47      1.52      0.80      4.02         6.33      | 115447   0        23482    2        0        | 192    374253         2471588      -       
16     32     7      7/8    | 0.22      1.46      1.52      0.79      4.00         6.36      | 115447   0        23484    0        0        | 224    374253         2471588      -       
16     32     8      8/8    | 0.24      1.57      1.52      0.84      4.18         6.08      | 115447   0        23484    0        0        | 256    374253         2471588      -       
32     8      0      0/8    | 0.40      1.95      2.89      0.45      5.71         4.46      | 55249    0        0        3783     0        | 1      99076          2471588      -       
32     8      1      1/8    | 0.40      1.95      2.91      0.45      5.72         4.45      | 55249    0        0        3783     0        | 128    99076          2471588      -       
32     8      2      2/8    | 0.39      1.94      2.77      0.46      5.57         4.57      | 55249    0        3460     323      0        | 256    99076          2471588      -       
32     8      3      3/8    | 0.39      1.97      2.66      0.44      5.48         4.65      | 55249    0        3764     19       0        | 384    99076          2471588      -       
32     8      4      4/8    | 0.40      1.94      3.27      0.44      6.05         4.21      | 55249    0        3782     1        0        | 512    99076          2471588      -       
32     8      5      5/8    | 0.40      1.98      3.23      0.46      6.09         4.18      | 55249    0        3783     0        0        | 640    99076          2471588      -       
32     8      6      6/8    | 0.40      1.94      3.28      0.48      6.11         4.16      | 55249    0        3783     0        0        | 768    99076          2471588      -       
32     8      7      7/8    | 0.40      1.98      3.23      0.44      6.06         4.20      | 55249    0        3783     0        0        | 896    99076          2471588      -       
32     8      8      8/8    | 0.40      1.93      3.35      0.47      6.17         4.12      | 55249    0        3783     0        0        | 1024   99076          2471588      -       
32     16     0      0/8    | 0.32      1.65      2.83      0.54      5.36         4.75      | 55249    0        0        3783     0        | 1      115994         2471588      -       
32     16     1      1/8    | 0.32      1.65      2.79      0.50      5.27         4.83      | 55249    0        0        3783     0        | 128    115994         2471588      -       
32     16     2      2/8    | 0.32      1.64      2.15      0.47      4.58         5.56      | 55249    0        3460     323      0        | 256    115994         2471588      -       
32     16     3      3/8    | 0.32      1.65      2.19      0.49      4.66         5.47      | 55249    0        3764     19       0        | 384    115994         2471588      -       
32     16     4      4/8    | 0.33      1.66      2.62      0.54      5.15         4.94      | 55249    0        3782     1        0        | 512    115994         2471588      -       
32     16     5      5/8    | 0.32      1.62      2.71      0.49      5.15         4.94      | 55249    0        3783     0        0        | 640    115994         2471588      -       
32     16     6      6/8    | 0.32      1.63      2.64      0.50      5.10         4.99      | 55249    0        3783     0        0        | 768    115994         2471588      -       
32     16     7      7/8    | 0.32      1.67      2.71      0.50      5.21         4.89      | 55249    0        3783     0        0        | 896    115994         2471588      -       
32     16     8      8/8    | 0.32      1.67      2.61      0.52      5.12         4.97      | 55249    0        3783     0        0        | 1024   115994         2471588      -       
32     32     0      0/8    | 0.24      1.28      2.76      0.52      4.81         5.29      | 55249    0        0        3783     0        | 1      127846         2471588      -       
32     32     1      1/8    | 0.24      1.29      2.72      0.51      4.77         5.33      | 55249    0        0        3783     0        | 128    127846         2471588      -       
32     32     2      2/8    | 0.24      1.29      1.83      0.53      3.90         6.53      | 55249    0        3460     323      0        | 256    127846         2471588      -       
32     32     3      3/8    | 0.24      1.28      1.77      0.52      3.83         6.65      | 55249    0        3764     19       0        | 384    127846         2471588      -       
32     32     4      4/8    | 0.23      1.30      2.17      0.53      4.25         5.99      | 55249    0        3782     1        0        | 512    127846         2471588      -       
32     32     5      5/8    | 0.24      1.30      2.19      0.54      4.28         5.94      | 55249    0        3783     0        0        | 640    127846         2471588      -       
32     32     6      6/8    | 0.24      1.28      2.17      0.53      4.22         6.02      | 55249    0        3783     0        0        | 768    127846         2471588      -       
32     32     7      7/8    | 0.23      1.29      2.17      0.52      4.23         6.02      | 55249    0        3783     0        0        | 896    127846         2471588      -       
32     32     8      8/8    | 0.23      1.28      2.16      0.50      4.19         6.08      | 55249    0        3783     0        0        | 1024   127846         2471588      -       
