# Matrix: shermanACb
# Path: /home/stu1/Dataset/training_dataset/10k-50k-0.001-0.01/shermanACb.mtx
# Category: 10k-50k-0.001-0.01
# Date: 2026-03-06 00:55:59
# Configs: 81 (9 tiles x 9 TC thresholds)
# Version: AdaSpGEMM_new
#
# Rows: 18510
# Cols: 18510
# NNZ(A): 145149
# NNZ(C) estimate: 945851
#
tile_m tile_n tc_frc tc     | step1_ms  step2_ms  step3_ms  malloc    total_ms     gflops    | n_tiny   n_sml    n_lrg    n_dns    n_ful    | th_lrg tiles_C        nnzC         error   
-----------------------------------------------------------------------------------------------------------------------------------------------------------------------------------------
8      8      0      0/8    | 1.25      2.58      8.72      0.74      13.30        0.14      | 108548   0        0        8588     1        | 1      505437         400519       -       
8      8      1      1/8    | 1.25      2.56      8.14      0.69      12.65        0.15      | 108548   0        0        8588     1        | 8      505437         400519       -       
8      8      2      2/8    | 1.25      2.60      6.42      0.73      11.01        0.17      | 108548   0        6238     2350     1        | 16     505437         400519       -       
8      8      3      3/8    | 1.25      2.60      4.14      0.71      8.71         0.22      | 108548   0        8017     571      1        | 24     505437         400519       -       
8      8      4      4/8    | 1.25      2.53      3.21      0.68      7.68         0.25      | 108548   0        8412     176      1        | 32     505437         400519       -       
8      8      5      5/8    | 1.26      2.62      3.29      0.73      7.91         0.24      | 108548   0        8531     57       1        | 40     505437         400519       -       
8      8      6      6/8    | 1.25      2.57      3.16      0.70      7.68         0.25      | 108548   0        8577     11       1        | 48     505437         400519       -       
8      8      7      7/8    | 1.25      2.64      3.22      0.71      7.83         0.24      | 108548   0        8587     1        1        | 56     505437         400519       -       
8      8      8      8/8    | 1.24      2.53      3.10      0.69      7.57         0.25      | 108548   0        8589     0        0        | 64     505437         400519       -       
8      16     0      0/8    | 0.81      2.18      7.76      0.70      11.46        0.17      | 108548   0        0        8588     1        | 1      818414         400519       -       
8      16     1      1/8    | 0.81      2.20      7.71      0.71      11.44        0.17      | 108548   0        0        8588     1        | 8      818414         400519       -       
8      16     2      2/8    | 0.82      2.26      5.81      0.71      9.61         0.20      | 108548   0        6238     2350     1        | 16     818414         400519       -       
8      16     3      3/8    | 0.82      2.24      4.08      0.70      7.85         0.24      | 108548   0        8017     571      1        | 24     818414         400519       -       
8      16     4      4/8    | 0.81      2.24      1.83      0.70      5.59         0.34      | 108548   0        8412     176      1        | 32     818414         400519       -       
8      16     5      5/8    | 0.81      2.20      1.82      0.68      5.53         0.34      | 108548   0        8531     57       1        | 40     818414         400519       -       
8      16     6      6/8    | 0.83      2.29      1.87      0.74      5.75         0.33      | 108548   0        8577     11       1        | 48     818414         400519       -       
8      16     7      7/8    | 0.82      2.26      1.88      0.71      5.68         0.33      | 108548   0        8587     1        1        | 56     818414         400519       -       
8      16     8      8/8    | 0.83      2.32      1.91      0.74      5.82         0.33      | 108548   0        8589     0        0        | 64     818414         400519       -       
8      32     0      0/8    | 0.60      3.26      7.94      0.77      12.59        0.15      | 108548   0        0        8588     1        | 1      1183878        400519       -       
8      32     1      1/8    | 0.61      3.15      8.05      0.82      12.63        0.15      | 108548   0        0        8588     1        | 8      1183878        400519       -       
8      32     2      2/8    | 0.60      3.06      5.63      0.76      10.05        0.19      | 108548   0        6238     2350     1        | 16     1183878        400519       -       
8      32     3      3/8    | 0.60      3.13      3.67      0.78      8.18         0.23      | 108548   0        8017     571      1        | 24     1183878        400519       -       
8      32     4      4/8    | 0.60      3.08      1.16      0.77      5.62         0.34      | 108548   0        8412     176      1        | 32     1183878        400519       -       
8      32     5      5/8    | 0.60      3.22      1.23      0.78      5.85         0.32      | 108548   0        8531     57       1        | 40     1183878        400519       -       
8      32     6      6/8    | 0.60      3.20      1.18      0.77      5.76         0.33      | 108548   0        8577     11       1        | 48     1183878        400519       -       
8      32     7      7/8    | 0.59      3.09      1.20      0.78      5.68         0.33      | 108548   0        8587     1        1        | 56     1183878        400519       -       
8      32     8      8/8    | 0.59      3.19      1.16      0.77      5.73         0.33      | 108548   0        8589     0        0        | 64     1183878        400519       -       
16     8      0      0/8    | 1.22      2.72      7.95      0.63      12.53        0.15      | 73827    0        0        1447     0        | 1      263643         400519       -       
16     8      1      1/8    | 1.23      2.76      7.82      0.64      12.46        0.15      | 73827    0        0        1447     0        | 32     263643         400519       -       
16     8      2      2/8    | 1.24      2.75      8.03      0.70      12.73        0.15      | 73827    0        1257     190      0        | 64     263643         400519       -       
16     8      3      3/8    | 1.24      2.79      7.88      0.68      12.61        0.15      | 73827    0        1419     28       0        | 96     263643         400519       -       
16     8      4      4/8    | 1.23      2.81      8.21      0.66      12.92        0.15      | 73827    0        1442     5        0        | 128    263643         400519       -       
16     8      5      5/8    | 1.24      2.88      8.10      0.70      12.94        0.15      | 73827    0        1446     1        0        | 160    263643         400519       -       
16     8      6      6/8    | 1.23      2.80      7.90      0.66      12.60        0.15      | 73827    0        1447     0        0        | 192    263643         400519       -       
16     8      7      7/8    | 1.23      2.86      8.18      0.66      12.95        0.15      | 73827    0        1447     0        0        | 224    263643         400519       -       
16     8      8      8/8    | 1.24      2.85      8.21      0.68      12.98        0.15      | 73827    0        1447     0        0        | 256    263643         400519       -       
16     16     0      0/8    | 0.75      2.03      6.59      0.72      10.09        0.19      | 73827    0        0        1447     0        | 1      384474         400519       -       
16     16     1      1/8    | 0.74      1.98      6.07      0.68      9.48         0.20      | 73827    0        0        1447     0        | 32     384474         400519       -       
16     16     2      2/8    | 0.75      2.00      2.37      0.74      5.87         0.32      | 73827    0        1257     190      0        | 64     384474         400519       -       
16     16     3      3/8    | 0.75      1.99      2.35      0.73      5.82         0.32      | 73827    0        1419     28       0        | 96     384474         400519       -       
16     16     4      4/8    | 0.75      2.03      2.34      0.71      5.83         0.32      | 73827    0        1442     5        0        | 128    384474         400519       -       
16     16     5      5/8    | 0.76      2.00      2.61      0.79      6.17         0.31      | 73827    0        1446     1        0        | 160    384474         400519       -       
16     16     6      6/8    | 0.75      1.98      2.55      0.73      6.02         0.31      | 73827    0        1447     0        0        | 192    384474         400519       -       
16     16     7      7/8    | 0.75      2.01      2.45      0.72      5.94         0.32      | 73827    0        1447     0        0        | 224    384474         400519       -       
16     16     8      8/8    | 0.75      2.02      2.40      0.71      5.89         0.32      | 73827    0        1447     0        0        | 256    384474         400519       -       
16     32     0      0/8    | 0.50      1.52      6.15      0.73      8.91         0.21      | 73827    0        0        1447     0        | 1      508914         400519       -       
16     32     1      1/8    | 0.50      1.51      6.18      0.71      8.91         0.21      | 73827    0        0        1447     0        | 32     508914         400519       -       
16     32     2      2/8    | 0.50      1.50      1.84      0.70      4.55         0.42      | 73827    0        1257     190      0        | 64     508914         400519       -       
16     32     3      3/8    | 0.50      1.53      1.95      0.73      4.72         0.40      | 73827    0        1419     28       0        | 96     508914         400519       -       
16     32     4      4/8    | 0.50      1.51      1.80      0.73      4.56         0.41      | 73827    0        1442     5        0        | 128    508914         400519       -       
16     32     5      5/8    | 0.51      1.57      1.96      0.76      4.81         0.39      | 73827    0        1446     1        0        | 160    508914         400519       -       
16     32     6      6/8    | 0.51      1.55      1.97      0.74      4.78         0.40      | 73827    0        1447     0        0        | 192    508914         400519       -       
16     32     7      7/8    | 0.50      1.61      1.99      0.74      4.85         0.39      | 73827    0        1447     0        0        | 224    508914         400519       -       
16     32     8      8/8    | 0.50      1.52      1.83      0.72      4.59         0.41      | 73827    0        1447     0        0        | 256    508914         400519       -       
32     8      0      0/8    | 1.20      3.29      9.15      0.45      14.11        0.13      | 44163    0        0        151      0        | 1      122901         400519       -       
32     8      1      1/8    | 1.20      3.28      9.00      0.43      13.92        0.14      | 44163    0        0        151      0        | 128    122901         400519       -       
32     8      2      2/8    | 1.20      3.28      9.15      0.44      14.08        0.13      | 44163    0        144      7        0        | 256    122901         400519       -       
32     8      3      3/8    | 1.20      3.28      9.07      0.46      14.03        0.13      | 44163    0        150      1        0        | 384    122901         400519       -       
32     8      4      4/8    | 1.20      3.26      9.22      0.47      14.16        0.13      | 44163    0        151      0        0        | 512    122901         400519       -       
32     8      5      5/8    | 1.19      3.32      9.16      0.43      14.11        0.13      | 44163    0        151      0        0        | 640    122901         400519       -       
32     8      6      6/8    | 1.21      3.26      9.13      0.45      14.06        0.13      | 44163    0        151      0        0        | 768    122901         400519       -       
32     8      7      7/8    | 1.20      3.28      9.27      0.44      14.19        0.13      | 44163    0        151      0        0        | 896    122901         400519       -       
32     8      8      8/8    | 1.19      3.21      9.20      0.43      14.03        0.13      | 44163    0        151      0        0        | 1024   122901         400519       -       
32     16     0      0/8    | 0.71      2.00      8.17      0.48      11.36        0.17      | 44163    0        0        151      0        | 1      162654         400519       -       
32     16     1      1/8    | 0.71      1.99      8.11      0.48      11.30        0.17      | 44163    0        0        151      0        | 128    162654         400519       -       
32     16     2      2/8    | 0.71      2.01      8.00      0.48      11.21        0.17      | 44163    0        144      7        0        | 256    162654         400519       -       
32     16     3      3/8    | 0.72      2.02      8.02      0.52      11.29        0.17      | 44163    0        150      1        0        | 384    162654         400519       -       
32     16     4      4/8    | 0.71      2.01      8.10      0.49      11.33        0.17      | 44163    0        151      0        0        | 512    162654         400519       -       
32     16     5      5/8    | 0.72      2.02      8.07      0.52      11.34        0.17      | 44163    0        151      0        0        | 640    162654         400519       -       
32     16     6      6/8    | 0.71      2.01      8.18      0.50      11.42        0.17      | 44163    0        151      0        0        | 768    162654         400519       -       
32     16     7      7/8    | 0.71      2.00      8.02      0.49      11.23        0.17      | 44163    0        151      0        0        | 896    162654         400519       -       
32     16     8      8/8    | 0.72      2.00      8.15      0.50      11.37        0.17      | 44163    0        151      0        0        | 1024   162654         400519       -       
32     32     0      0/8    | 0.46      1.42      2.25      0.50      4.64         0.41      | 44163    0        0        151      0        | 1      195667         400519       -       
32     32     1      1/8    | 0.46      1.41      2.32      0.50      4.71         0.40      | 44163    0        0        151      0        | 128    195667         400519       -       
32     32     2      2/8    | 0.46      1.41      2.27      0.52      4.67         0.41      | 44163    0        144      7        0        | 256    195667         400519       -       
32     32     3      3/8    | 0.45      1.41      2.24      0.50      4.61         0.41      | 44163    0        150      1        0        | 384    195667         400519       -       
32     32     4      4/8    | 0.45      1.41      2.37      0.49      4.73         0.40      | 44163    0        151      0        0        | 512    195667         400519       -       
32     32     5      5/8    | 0.46      1.38      2.26      0.49      4.60         0.41      | 44163    0        151      0        0        | 640    195667         400519       -       
32     32     6      6/8    | 0.46      1.43      2.31      0.49      4.70         0.40      | 44163    0        151      0        0        | 768    195667         400519       -       
32     32     7      7/8    | 0.45      1.37      2.23      0.49      4.56         0.41      | 44163    0        151      0        0        | 896    195667         400519       -       
32     32     8      8/8    | 0.46      1.39      2.38      0.49      4.72         0.40      | 44163    0        151      0        0        | 1024   195667         400519       -       
