# Matrix: jan99jac080
# Path: /home/stu1/Dataset/training_dataset/10k-50k-0.001-0.01/jan99jac080.mtx
# Category: 10k-50k-0.001-0.01
# Date: 2026-03-06 00:04:19
# Configs: 81 (9 tiles x 9 TC thresholds)
# Version: AdaSpGEMM_new
#
# Rows: 27534
# Cols: 27534
# NNZ(A): 171522
# NNZ(C) estimate: 1596965
#
tile_m tile_n tc_frc tc     | step1_ms  step2_ms  step3_ms  malloc    total_ms     gflops    | n_tiny   n_sml    n_lrg    n_dns    n_ful    | th_lrg tiles_C        nnzC         error   
-----------------------------------------------------------------------------------------------------------------------------------------------------------------------------------------
8      8      0      0/8    | 0.19      1.47      0.50      0.77      2.95         1.08      | 161516   0        0        23337    124      | 1      498259         904155       -       
8      8      1      1/8    | 0.19      1.41      0.50      0.81      2.92         1.09      | 161516   0        0        23337    124      | 8      498259         904155       -       
8      8      2      2/8    | 0.18      1.49      0.47      0.78      2.94         1.09      | 161516   0        13857    9480     124      | 16     498259         904155       -       
8      8      3      3/8    | 0.18      1.40      0.45      0.76      2.81         1.14      | 161516   0        20391    2946     124      | 24     498259         904155       -       
8      8      4      4/8    | 0.19      1.45      0.44      0.81      2.90         1.10      | 161516   0        21772    1565     124      | 32     498259         904155       -       
8      8      5      5/8    | 0.18      1.44      0.44      0.77      2.84         1.13      | 161516   0        22465    872      124      | 40     498259         904155       -       
8      8      6      6/8    | 0.19      1.44      0.44      0.81      2.90         1.10      | 161516   0        22938    399      124      | 48     498259         904155       -       
8      8      7      7/8    | 0.19      1.42      0.44      0.78      2.83         1.13      | 161516   0        23337    0        124      | 56     498259         904155       -       
8      8      8      8/8    | 0.18      1.40      0.44      0.77      2.80         1.14      | 161516   0        23461    0        0        | 64     498259         904155       -       
8      16     0      0/8    | 0.21      2.13      0.64      0.81      3.81         0.84      | 161516   0        0        23337    124      | 1      765112         904155       -       
8      16     1      1/8    | 0.21      2.11      0.63      0.78      3.74         0.85      | 161516   0        0        23337    124      | 8      765112         904155       -       
8      16     2      2/8    | 0.20      2.08      0.59      0.77      3.64         0.88      | 161516   0        13857    9480     124      | 16     765112         904155       -       
8      16     3      3/8    | 0.21      2.12      0.53      0.83      3.70         0.86      | 161516   0        20391    2946     124      | 24     765112         904155       -       
8      16     4      4/8    | 0.20      2.12      0.51      0.77      3.62         0.88      | 161516   0        21772    1565     124      | 32     765112         904155       -       
8      16     5      5/8    | 0.21      2.10      0.51      0.82      3.65         0.87      | 161516   0        22465    872      124      | 40     765112         904155       -       
8      16     6      6/8    | 0.21      2.15      0.51      0.79      3.66         0.87      | 161516   0        22938    399      124      | 48     765112         904155       -       
8      16     7      7/8    | 0.20      2.45      0.52      0.84      4.02         0.79      | 161516   0        23337    0        124      | 56     765112         904155       -       
8      16     8      8/8    | 0.20      2.09      0.51      0.79      3.60         0.89      | 161516   0        23461    0        0        | 64     765112         904155       -       
8      32     0      0/8    | 0.24      2.88      0.84      0.82      4.79         0.67      | 161516   0        0        23337    124      | 1      1067678        904155       -       
8      32     1      1/8    | 0.23      2.89      0.86      0.82      4.81         0.66      | 161516   0        0        23337    124      | 8      1067678        904155       -       
8      32     2      2/8    | 0.24      2.86      0.73      0.85      4.69         0.68      | 161516   0        13857    9480     124      | 16     1067678        904155       -       
8      32     3      3/8    | 0.24      2.87      0.61      0.84      4.56         0.70      | 161516   0        20391    2946     124      | 24     1067678        904155       -       
8      32     4      4/8    | 0.24      2.88      0.56      0.83      4.52         0.71      | 161516   0        21772    1565     124      | 32     1067678        904155       -       
8      32     5      5/8    | 0.23      2.81      0.56      0.81      4.42         0.72      | 161516   0        22465    872      124      | 40     1067678        904155       -       
8      32     6      6/8    | 0.24      2.89      0.56      0.83      4.54         0.70      | 161516   0        22938    399      124      | 48     1067678        904155       -       
8      32     7      7/8    | 0.24      2.85      0.56      0.82      4.48         0.71      | 161516   0        23337    0        124      | 56     1067678        904155       -       
8      32     8      8/8    | 0.24      2.89      0.56      0.84      4.54         0.70      | 161516   0        23461    0        0        | 64     1067678        904155       -       
16     8      0      0/8    | 0.18      0.87      0.55      0.74      2.36         1.36      | 117611   0        0        5889     0        | 1      282034         904155       -       
16     8      1      1/8    | 0.18      0.90      0.55      0.74      2.39         1.34      | 117611   0        0        5889     0        | 32     282034         904155       -       
16     8      2      2/8    | 0.19      0.86      0.53      0.76      2.35         1.36      | 117611   0        5121     768      0        | 64     282034         904155       -       
16     8      3      3/8    | 0.18      0.89      0.53      0.72      2.33         1.37      | 117611   0        5889     0        0        | 96     282034         904155       -       
16     8      4      4/8    | 0.17      0.85      0.53      0.73      2.29         1.40      | 117611   0        5889     0        0        | 128    282034         904155       -       
16     8      5      5/8    | 0.17      0.85      0.53      0.71      2.29         1.40      | 117611   0        5889     0        0        | 160    282034         904155       -       
16     8      6      6/8    | 0.17      0.85      0.53      0.74      2.31         1.38      | 117611   0        5889     0        0        | 192    282034         904155       -       
16     8      7      7/8    | 0.17      0.86      0.52      0.71      2.27         1.40      | 117611   0        5889     0        0        | 224    282034         904155       -       
16     8      8      8/8    | 0.19      0.91      0.53      0.81      2.46         1.30      | 117611   0        5889     0        0        | 256    282034         904155       -       
16     16     0      0/8    | 0.19      1.13      0.62      0.81      2.76         1.16      | 117611   0        0        5889     0        | 1      394429         904155       -       
16     16     1      1/8    | 0.19      1.17      0.64      0.80      2.81         1.14      | 117611   0        0        5889     0        | 32     394429         904155       -       
16     16     2      2/8    | 0.18      1.16      0.52      0.78      2.66         1.20      | 117611   0        5121     768      0        | 64     394429         904155       -       
16     16     3      3/8    | 0.19      1.20      0.55      0.83      2.79         1.15      | 117611   0        5889     0        0        | 96     394429         904155       -       
16     16     4      4/8    | 0.19      1.17      0.51      0.80      2.69         1.19      | 117611   0        5889     0        0        | 128    394429         904155       -       
16     16     5      5/8    | 0.19      1.15      0.52      0.85      2.73         1.17      | 117611   0        5889     0        0        | 160    394429         904155       -       
16     16     6      6/8    | 0.20      1.16      0.53      0.80      2.69         1.19      | 117611   0        5889     0        0        | 192    394429         904155       -       
16     16     7      7/8    | 0.20      1.16      0.52      0.84      2.73         1.17      | 117611   0        5889     0        0        | 224    394429         904155       -       
16     16     8      8/8    | 0.19      1.15      0.51      0.80      2.67         1.20      | 117611   0        5889     0        0        | 256    394429         904155       -       
16     32     0      0/8    | 0.20      1.43      0.88      0.79      3.31         0.97      | 117611   0        0        5889     0        | 1      513470         904155       -       
16     32     1      1/8    | 0.21      1.49      0.97      0.85      3.53         0.90      | 117611   0        0        5889     0        | 32     513470         904155       -       
16     32     2      2/8    | 0.20      1.47      0.56      0.80      3.04         1.05      | 117611   0        5121     768      0        | 64     513470         904155       -       
16     32     3      3/8    | 0.20      1.42      0.55      0.78      2.96         1.08      | 117611   0        5889     0        0        | 96     513470         904155       -       
16     32     4      4/8    | 0.19      1.44      0.55      0.79      2.98         1.07      | 117611   0        5889     0        0        | 128    513470         904155       -       
16     32     5      5/8    | 0.19      1.41      0.55      0.77      2.93         1.09      | 117611   0        5889     0        0        | 160    513470         904155       -       
16     32     6      6/8    | 0.19      1.40      0.55      0.79      2.94         1.09      | 117611   0        5889     0        0        | 192    513470         904155       -       
16     32     7      7/8    | 0.20      1.43      0.55      0.78      2.96         1.08      | 117611   0        5889     0        0        | 224    513470         904155       -       
16     32     8      8/8    | 0.20      1.46      0.55      0.83      3.06         1.04      | 117611   0        5889     0        0        | 256    513470         904155       -       
32     8      0      0/8    | 0.20      0.70      0.76      0.50      2.18         1.47      | 77744    0        0        331      0        | 1      150344         904155       -       
32     8      1      1/8    | 0.21      0.69      0.78      0.50      2.19         1.46      | 77744    0        0        331      0        | 128    150344         904155       -       
32     8      2      2/8    | 0.20      0.67      0.65      0.50      2.04         1.57      | 77744    0        331      0        0        | 256    150344         904155       -       
32     8      3      3/8    | 0.21      0.72      0.66      0.53      2.13         1.50      | 77744    0        331      0        0        | 384    150344         904155       -       
32     8      4      4/8    | 0.20      0.70      0.67      0.51      2.09         1.53      | 77744    0        331      0        0        | 512    150344         904155       -       
32     8      5      5/8    | 0.20      0.65      0.65      0.48      1.98         1.61      | 77744    0        331      0        0        | 640    150344         904155       -       
32     8      6      6/8    | 0.20      0.65      0.64      0.49      1.99         1.61      | 77744    0        331      0        0        | 768    150344         904155       -       
32     8      7      7/8    | 0.20      0.69      0.64      0.48      2.02         1.58      | 77744    0        331      0        0        | 896    150344         904155       -       
32     8      8      8/8    | 0.19      0.64      0.66      0.48      1.97         1.62      | 77744    0        331      0        0        | 1024   150344         904155       -       
32     16     0      0/8    | 0.20      0.84      0.76      0.63      2.44         1.31      | 77744    0        0        331      0        | 1      195430         904155       -       
32     16     1      1/8    | 0.20      0.83      0.75      0.60      2.39         1.34      | 77744    0        0        331      0        | 128    195430         904155       -       
32     16     2      2/8    | 0.19      0.81      0.63      0.57      2.21         1.45      | 77744    0        331      0        0        | 256    195430         904155       -       
32     16     3      3/8    | 0.19      0.77      0.62      0.58      2.18         1.47      | 77744    0        331      0        0        | 384    195430         904155       -       
32     16     4      4/8    | 0.20      0.75      0.64      0.58      2.18         1.47      | 77744    0        331      0        0        | 512    195430         904155       -       
32     16     5      5/8    | 0.20      0.80      0.63      0.63      2.27         1.41      | 77744    0        331      0        0        | 640    195430         904155       -       
32     16     6      6/8    | 0.20      0.78      0.63      0.60      2.21         1.44      | 77744    0        331      0        0        | 768    195430         904155       -       
32     16     7      7/8    | 0.20      0.81      0.62      0.60      2.23         1.43      | 77744    0        331      0        0        | 896    195430         904155       -       
32     16     8      8/8    | 0.20      0.85      0.63      0.64      2.34         1.37      | 77744    0        331      0        0        | 1024   195430         904155       -       
32     32     0      0/8    | 0.20      0.87      0.81      0.56      2.46         1.30      | 77744    0        0        331      0        | 1      235838         904155       -       
32     32     1      1/8    | 0.20      0.84      0.78      0.56      2.40         1.33      | 77744    0        0        331      0        | 128    235838         904155       -       
32     32     2      2/8    | 0.20      0.85      0.66      0.60      2.32         1.37      | 77744    0        331      0        0        | 256    235838         904155       -       
32     32     3      3/8    | 0.20      0.85      0.63      0.59      2.27         1.41      | 77744    0        331      0        0        | 384    235838         904155       -       
32     32     4      4/8    | 0.20      0.87      0.66      0.57      2.31         1.38      | 77744    0        331      0        0        | 512    235838         904155       -       
32     32     5      5/8    | 0.20      0.86      0.64      0.57      2.29         1.39      | 77744    0        331      0        0        | 640    235838         904155       -       
32     32     6      6/8    | 0.20      0.85      0.64      0.55      2.26         1.41      | 77744    0        331      0        0        | 768    235838         904155       -       
32     32     7      7/8    | 0.20      0.86      0.65      0.58      2.30         1.39      | 77744    0        331      0        0        | 896    235838         904155       -       
32     32     8      8/8    | 0.20      0.84      0.65      0.57      2.27         1.41      | 77744    0        331      0        0        | 1024   235838         904155       -       
