# Matrix: Zd_Jac3
# Path: /home/stu1/Dataset/training_dataset/10k-50k-0.01-0.1/Zd_Jac3.mtx
# Category: 10k-50k-0.01-0.1
# Date: 2026-03-06 05:00:33
# Configs: 81 (9 tiles x 9 TC thresholds)
# Version: AdaSpGEMM_new
#
# Rows: 22835
# Cols: 22835
# NNZ(A): 1916152
# NNZ(C) estimate: 159016954
#
tile_m tile_n tc_frc tc     | step1_ms  step2_ms  step3_ms  malloc    total_ms     gflops    | n_tiny   n_sml    n_lrg    n_dns    n_ful    | th_lrg tiles_C        nnzC         error   
-----------------------------------------------------------------------------------------------------------------------------------------------------------------------------------------
8      8      0      0/8    | 0.28      2.35      5.77      0.90      9.31         34.15     | 159877   0        0        361677   86295    | 1      678115         17998654     -       
8      8      1      1/8    | 0.28      2.45      5.78      0.97      9.49         33.52     | 159877   0        0        361677   86295    | 8      678115         17998654     -       
8      8      2      2/8    | 0.29      2.46      5.63      0.95      9.35         34.02     | 159877   0        87494    274183   86295    | 16     678115         17998654     -       
8      8      3      3/8    | 0.29      2.43      5.46      0.95      9.15         34.76     | 159877   0        149023   212654   86295    | 24     678115         17998654     -       
8      8      4      4/8    | 0.29      2.44      5.44      0.93      9.12         34.89     | 159877   0        198203   163474   86295    | 32     678115         17998654     -       
8      8      5      5/8    | 0.29      2.46      5.16      0.95      8.87         35.88     | 159877   0        242985   118692   86295    | 40     678115         17998654     -       
8      8      6      6/8    | 0.29      2.40      5.04      0.96      8.71         36.53     | 159877   0        287939   73738    86295    | 48     678115         17998654     -       
8      8      7      7/8    | 0.29      2.42      4.90      0.93      8.55         37.20     | 159877   0        338657   23020    86295    | 56     678115         17998654     -       
8      8      8      8/8    | 0.28      2.44      4.94      0.95      8.63         36.86     | 159877   0        447972   0        0        | 64     678115         17998654     -       
8      16     0      0/8    | 0.21      2.07      5.45      0.90      8.65         36.78     | 159877   0        0        361677   86295    | 1      718855         17998654     -       
8      16     1      1/8    | 0.21      2.12      5.45      0.88      8.66         36.70     | 159877   0        0        361677   86295    | 8      718855         17998654     -       
8      16     2      2/8    | 0.21      2.04      5.20      0.86      8.32         38.20     | 159877   0        87494    274183   86295    | 16     718855         17998654     -       
8      16     3      3/8    | 0.22      1.99      4.95      0.88      8.05         39.49     | 159877   0        149023   212654   86295    | 24     718855         17998654     -       
8      16     4      4/8    | 0.22      2.02      4.88      0.94      8.08         39.36     | 159877   0        198203   163474   86295    | 32     718855         17998654     -       
8      16     5      5/8    | 0.21      2.07      4.56      0.89      7.74         41.07     | 159877   0        242985   118692   86295    | 40     718855         17998654     -       
8      16     6      6/8    | 0.21      1.99      4.43      0.86      7.50         42.39     | 159877   0        287939   73738    86295    | 48     718855         17998654     -       
8      16     7      7/8    | 0.21      2.02      4.32      0.87      7.43         42.82     | 159877   0        338657   23020    86295    | 56     718855         17998654     -       
8      16     8      8/8    | 0.20      2.04      4.72      0.86      7.83         40.61     | 159877   0        447972   0        0        | 64     718855         17998654     -       
8      32     0      0/8    | 0.18      2.21      8.50      0.94      11.83        26.88     | 159877   0        0        361677   86295    | 1      788937         17998654     -       
8      32     1      1/8    | 0.18      2.23      8.51      0.97      11.90        26.73     | 159877   0        0        361677   86295    | 8      788937         17998654     -       
8      32     2      2/8    | 0.18      2.20      7.98      0.95      11.32        28.09     | 159877   0        87494    274183   86295    | 16     788937         17998654     -       
8      32     3      3/8    | 0.18      2.28      7.45      1.00      10.93        29.11     | 159877   0        149023   212654   86295    | 24     788937         17998654     -       
8      32     4      4/8    | 0.18      2.25      6.99      0.93      10.37        30.68     | 159877   0        198203   163474   86295    | 32     788937         17998654     -       
8      32     5      5/8    | 0.18      2.25      6.58      0.95      9.98         31.88     | 159877   0        242985   118692   86295    | 40     788937         17998654     -       
8      32     6      6/8    | 0.18      2.30      6.22      0.92      9.63         33.02     | 159877   0        287939   73738    86295    | 48     788937         17998654     -       
8      32     7      7/8    | 0.18      2.17      5.84      0.95      9.16         34.72     | 159877   0        338657   23020    86295    | 56     788937         17998654     -       
8      32     8      8/8    | 0.18      2.15      5.57      0.92      8.82         36.04     | 159877   0        447972   0        0        | 64     788937         17998654     -       
16     8      0      0/8    | 0.24      1.45      4.47      0.69      6.86         46.34     | 67830    0        0        113063   11560    | 1      206577         17998654     -       
16     8      1      1/8    | 0.25      1.49      4.46      0.72      6.94         45.85     | 67830    0        0        113063   11560    | 32     206577         17998654     -       
16     8      2      2/8    | 0.24      1.48      4.28      0.67      6.68         47.61     | 67830    0        27275    85788    11560    | 64     206577         17998654     -       
16     8      3      3/8    | 0.23      1.44      4.15      0.67      6.51         48.86     | 67830    0        46005    67058    11560    | 96     206577         17998654     -       
16     8      4      4/8    | 0.24      1.48      4.05      0.72      6.50         48.91     | 67830    0        63574    49489    11560    | 128    206577         17998654     -       
16     8      5      5/8    | 0.24      1.46      3.97      0.69      6.37         49.93     | 67830    0        78940    34123    11560    | 160    206577         17998654     -       
16     8      6      6/8    | 0.24      1.47      3.97      0.70      6.39         49.75     | 67830    0        90801    22262    11560    | 192    206577         17998654     -       
16     8      7      7/8    | 0.24      1.46      3.99      0.71      6.41         49.61     | 67830    0        103224   9839     11560    | 224    206577         17998654     -       
16     8      8      8/8    | 0.24      1.46      4.52      0.72      6.95         45.75     | 67830    0        124623   0        0        | 256    206577         17998654     -       
16     16     0      0/8    | 0.17      1.04      3.66      0.71      5.59         56.84     | 67830    0        0        113063   11560    | 1      215513         17998654     -       
16     16     1      1/8    | 0.17      1.04      3.65      0.70      5.58         57.02     | 67830    0        0        113063   11560    | 32     215513         17998654     -       
16     16     2      2/8    | 0.16      1.01      3.46      0.66      5.32         59.83     | 67830    0        27275    85788    11560    | 64     215513         17998654     -       
16     16     3      3/8    | 0.17      1.06      3.33      0.72      5.30         60.02     | 67830    0        46005    67058    11560    | 96     215513         17998654     -       
16     16     4      4/8    | 0.17      1.06      3.31      0.70      5.24         60.65     | 67830    0        63574    49489    11560    | 128    215513         17998654     -       
16     16     5      5/8    | 0.17      1.05      3.37      0.72      5.32         59.84     | 67830    0        78940    34123    11560    | 160    215513         17998654     -       
16     16     6      6/8    | 0.17      1.04      3.44      0.70      5.36         59.37     | 67830    0        90801    22262    11560    | 192    215513         17998654     -       
16     16     7      7/8    | 0.17      1.08      3.62      0.70      5.58         56.94     | 67830    0        103224   9839     11560    | 224    215513         17998654     -       
16     16     8      8/8    | 0.16      1.02      4.74      0.66      6.60         48.16     | 67830    0        124623   0        0        | 256    215513         17998654     -       
16     32     0      0/8    | 0.13      1.02      6.38      0.68      8.23         38.66     | 67830    0        0        113063   11560    | 1      229310         17998654     -       
16     32     1      1/8    | 0.14      1.06      6.37      0.71      8.29         38.34     | 67830    0        0        113063   11560    | 32     229310         17998654     -       
16     32     2      2/8    | 0.13      1.10      5.84      0.69      7.77         40.91     | 67830    0        27275    85788    11560    | 64     229310         17998654     -       
16     32     3      3/8    | 0.13      1.04      5.42      0.68      7.28         43.66     | 67830    0        46005    67058    11560    | 96     229310         17998654     -       
16     32     4      4/8    | 0.14      1.05      5.12      0.75      7.08         44.93     | 67830    0        63574    49489    11560    | 128    229310         17998654     -       
16     32     5      5/8    | 0.13      1.02      4.93      0.69      6.78         46.89     | 67830    0        78940    34123    11560    | 160    229310         17998654     -       
16     32     6      6/8    | 0.13      1.03      4.78      0.70      6.66         47.77     | 67830    0        90801    22262    11560    | 192    229310         17998654     -       
16     32     7      7/8    | 0.14      1.09      4.82      0.73      6.80         46.77     | 67830    0        103224   9839     11560    | 224    229310         17998654     -       
16     32     8      8/8    | 0.13      1.05      5.46      0.72      7.37         43.16     | 67830    0        124623   0        0        | 256    229310         17998654     -       
32     8      0      0/8    | 0.23      1.64      6.04      0.58      8.50         37.42     | 26381    0        0        33592    784      | 1      63120          17998654     -       
32     8      1      1/8    | 0.23      1.64      6.08      0.53      8.49         37.47     | 26381    0        0        33592    784      | 128    63120          17998654     -       
32     8      2      2/8    | 0.22      1.63      5.55      0.54      7.95         39.99     | 26381    0        7361     26231    784      | 256    63120          17998654     -       
32     8      3      3/8    | 0.23      1.63      5.28      0.54      7.71         41.26     | 26381    0        14067    19525    784      | 384    63120          17998654     -       
32     8      4      4/8    | 0.23      1.62      4.90      0.53      7.29         43.61     | 26381    0        20328    13264    784      | 512    63120          17998654     -       
32     8      5      5/8    | 0.23      1.64      4.65      0.55      7.08         44.89     | 26381    0        24500    9092     784      | 640    63120          17998654     -       
32     8      6      6/8    | 0.22      1.62      4.65      0.52      7.03         45.27     | 26381    0        28434    5158     784      | 768    63120          17998654     -       
32     8      7      7/8    | 0.22      1.61      5.15      0.52      7.52         42.27     | 26381    0        31556    2036     784      | 896    63120          17998654     -       
32     8      8      8/8    | 0.23      1.64      5.71      0.55      8.15         39.02     | 26381    0        34376    0        0        | 1024   63120          17998654     -       
32     16     0      0/8    | 0.17      0.68      6.27      0.55      7.70         41.32     | 26381    0        0        33592    784      | 1      64630          17998654     -       
32     16     1      1/8    | 0.16      0.70      6.31      0.53      7.71         41.24     | 26381    0        0        33592    784      | 128    64630          17998654     -       
32     16     2      2/8    | 0.15      0.69      5.61      0.52      6.99         45.51     | 26381    0        7361     26231    784      | 256    64630          17998654     -       
32     16     3      3/8    | 0.15      0.67      5.19      0.53      6.56         48.47     | 26381    0        14067    19525    784      | 384    64630          17998654     -       
32     16     4      4/8    | 0.16      0.69      4.76      0.53      6.15         51.68     | 26381    0        20328    13264    784      | 512    64630          17998654     -       
32     16     5      5/8    | 0.16      0.70      4.56      0.54      5.97         53.29     | 26381    0        24500    9092     784      | 640    64630          17998654     -       
32     16     6      6/8    | 0.16      0.71      4.60      0.51      5.99         53.12     | 26381    0        28434    5158     784      | 768    64630          17998654     -       
32     16     7      7/8    | 0.17      0.70      5.67      0.59      7.15         44.49     | 26381    0        31556    2036     784      | 896    64630          17998654     -       
32     16     8      8/8    | 0.15      0.69      6.45      0.52      7.82         40.65     | 26381    0        34376    0        0        | 1024   64630          17998654     -       
32     32     0      0/8    | 0.11      0.74      5.74      0.50      7.10         44.77     | 26381    0        0        33592    784      | 1      67631          17998654     -       
32     32     1      1/8    | 0.12      0.73      5.72      0.51      7.10         44.81     | 26381    0        0        33592    784      | 128    67631          17998654     -       
32     32     2      2/8    | 0.11      0.73      5.15      0.54      6.54         48.60     | 26381    0        7361     26231    784      | 256    67631          17998654     -       
32     32     3      3/8    | 0.11      0.74      4.99      0.52      6.37         49.93     | 26381    0        14067    19525    784      | 384    67631          17998654     -       
32     32     4      4/8    | 0.12      0.72      4.85      0.51      6.21         51.25     | 26381    0        20328    13264    784      | 512    67631          17998654     -       
32     32     5      5/8    | 0.13      0.73      4.86      0.56      6.30         50.47     | 26381    0        24500    9092     784      | 640    67631          17998654     -       
32     32     6      6/8    | 0.12      0.76      5.34      0.54      6.78         46.90     | 26381    0        28434    5158     784      | 768    67631          17998654     -       
32     32     7      7/8    | 0.12      0.74      6.75      0.51      8.14         39.06     | 26381    0        31556    2036     784      | 896    67631          17998654     -       
32     32     8      8/8    | 0.13      0.74      7.68      0.53      9.10         34.96     | 26381    0        34376    0        0        | 1024   67631          17998654     -       
