# Matrix: helm3d01
# Path: /home/stu1/Dataset/training_dataset/10k-50k-0.01-0.1/helm3d01.mtx
# Category: 10k-50k-0.01-0.1
# Date: 2026-03-06 02:54:41
# Configs: 81 (9 tiles x 9 TC thresholds)
# Version: AdaSpGEMM_new
#
# Rows: 32226
# Cols: 32226
# NNZ(A): 428444
# NNZ(C) estimate: 6943742
#
tile_m tile_n tc_frc tc     | step1_ms  step2_ms  step3_ms  malloc    total_ms     gflops    | n_tiny   n_sml    n_lrg    n_dns    n_ful    | th_lrg tiles_C        nnzC         error   
-----------------------------------------------------------------------------------------------------------------------------------------------------------------------------------------
8      8      0      0/8    | 0.46      12.79     2.81      1.05      17.13        0.81      | 572225   0        0        67322    688      | 1      4902437        2591714      -       
8      8      1      1/8    | 0.45      13.01     2.81      1.04      17.33        0.80      | 572225   0        0        67322    688      | 8      4902437        2591714      -       
8      8      2      2/8    | 0.46      13.02     2.41      1.06      16.97        0.82      | 572225   0        49366    17956    688      | 16     4902437        2591714      -       
8      8      3      3/8    | 0.46      12.80     2.28      1.04      16.60        0.84      | 572225   0        60502    6820     688      | 24     4902437        2591714      -       
8      8      4      4/8    | 0.45      12.61     2.31      1.02      16.39        0.85      | 572225   0        64032    3290     688      | 32     4902437        2591714      -       
8      8      5      5/8    | 0.45      12.67     2.24      1.03      16.40        0.85      | 572225   0        66036    1286     688      | 40     4902437        2591714      -       
8      8      6      6/8    | 0.46      12.84     2.24      1.04      16.59        0.84      | 572225   0        66683    639      688      | 48     4902437        2591714      -       
8      8      7      7/8    | 0.46      12.99     2.24      1.05      16.75        0.83      | 572225   0        67254    68       688      | 56     4902437        2591714      -       
8      8      8      8/8    | 0.46      12.77     2.20      1.05      16.51        0.84      | 572225   0        68010    0        0        | 64     4902437        2591714      -       
8      16     0      0/8    | 0.69      20.05     3.31      1.16      25.23        0.55      | 572225   0        0        67322    688      | 1      7691475        2591714      -       
8      16     1      1/8    | 0.69      20.26     3.31      1.16      25.44        0.55      | 572225   0        0        67322    688      | 8      7691475        2591714      -       
8      16     2      2/8    | 0.68      19.98     2.70      1.15      24.52        0.57      | 572225   0        49366    17956    688      | 16     7691475        2591714      -       
8      16     3      3/8    | 0.69      20.19     2.53      1.16      24.58        0.56      | 572225   0        60502    6820     688      | 24     7691475        2591714      -       
8      16     4      4/8    | 0.68      20.06     2.54      1.16      24.46        0.57      | 572225   0        64032    3290     688      | 32     7691475        2591714      -       
8      16     5      5/8    | 0.67      19.86     2.44      1.12      24.10        0.58      | 572225   0        66036    1286     688      | 40     7691475        2591714      -       
8      16     6      6/8    | 0.68      19.98     2.44      1.12      24.23        0.57      | 572225   0        66683    639      688      | 48     7691475        2591714      -       
8      16     7      7/8    | 0.69      20.38     2.44      1.16      24.69        0.56      | 572225   0        67254    68       688      | 56     7691475        2591714      -       
8      16     8      8/8    | 0.69      20.21     2.40      1.16      24.48        0.57      | 572225   0        68010    0        0        | 64     7691475        2591714      -       
8      32     0      0/8    | 0.97      28.00     4.58      1.22      34.79        0.40      | 572225   0        0        67322    688      | 1      10832299       2591714      -       
8      32     1      1/8    | 0.98      28.33     4.59      1.22      35.14        0.40      | 572225   0        0        67322    688      | 8      10832299       2591714      -       
8      32     2      2/8    | 0.98      28.61     3.28      1.23      34.11        0.41      | 572225   0        49366    17956    688      | 16     10832299       2591714      -       
8      32     3      3/8    | 0.98      28.24     2.93      1.22      33.39        0.42      | 572225   0        60502    6820     688      | 24     10832299       2591714      -       
8      32     4      4/8    | 0.98      28.66     2.79      1.27      33.72        0.41      | 572225   0        64032    3290     688      | 32     10832299       2591714      -       
8      32     5      5/8    | 0.98      28.16     2.75      1.23      33.14        0.42      | 572225   0        66036    1286     688      | 40     10832299       2591714      -       
8      32     6      6/8    | 0.97      28.61     2.75      1.24      33.57        0.41      | 572225   0        66683    639      688      | 48     10832299       2591714      -       
8      32     7      7/8    | 0.96      28.13     2.73      1.22      33.06        0.42      | 572225   0        67254    68       688      | 56     10832299       2591714      -       
8      32     8      8/8    | 0.99      27.87     2.55      1.21      32.63        0.43      | 572225   0        68010    0        0        | 64     10832299       2591714      -       
16     8      0      0/8    | 0.44      6.42      2.68      0.98      10.53        1.32      | 425320   0        0        7939     10       | 1      2415289        2591714      -       
16     8      1      1/8    | 0.44      6.32      2.67      0.98      10.43        1.33      | 425320   0        0        7939     10       | 32     2415289        2591714      -       
16     8      2      2/8    | 0.44      6.32      2.51      0.97      10.26        1.35      | 425320   0        5684     2255     10       | 64     2415289        2591714      -       
16     8      3      3/8    | 0.45      6.24      2.48      0.99      10.17        1.37      | 425320   0        6797     1142     10       | 96     2415289        2591714      -       
16     8      4      4/8    | 0.43      6.33      2.51      0.99      10.28        1.35      | 425320   0        7336     603      10       | 128    2415289        2591714      -       
16     8      5      5/8    | 0.44      6.44      2.48      1.02      10.41        1.33      | 425320   0        7775     164      10       | 160    2415289        2591714      -       
16     8      6      6/8    | 0.45      6.31      2.48      1.00      10.26        1.35      | 425320   0        7880     59       10       | 192    2415289        2591714      -       
16     8      7      7/8    | 0.44      6.45      2.49      0.98      10.38        1.34      | 425320   0        7923     16       10       | 224    2415289        2591714      -       
16     8      8      8/8    | 0.44      6.31      2.49      1.01      10.26        1.35      | 425320   0        7949     0        0        | 256    2415289        2591714      -       
16     16     0      0/8    | 0.52      8.16      2.77      1.01      12.47        1.11      | 425320   0        0        7939     10       | 1      3159353        2591714      -       
16     16     1      1/8    | 0.53      8.17      2.78      1.00      12.50        1.11      | 425320   0        0        7939     10       | 32     3159353        2591714      -       
16     16     2      2/8    | 0.53      8.44      2.69      1.02      12.70        1.09      | 425320   0        5684     2255     10       | 64     3159353        2591714      -       
16     16     3      3/8    | 0.54      8.44      2.65      1.06      12.70        1.09      | 425320   0        6797     1142     10       | 96     3159353        2591714      -       
16     16     4      4/8    | 0.54      8.30      2.60      0.98      12.43        1.12      | 425320   0        7336     603      10       | 128    3159353        2591714      -       
16     16     5      5/8    | 0.53      8.26      2.60      1.00      12.40        1.12      | 425320   0        7775     164      10       | 160    3159353        2591714      -       
16     16     6      6/8    | 0.53      8.32      2.60      1.03      12.49        1.11      | 425320   0        7880     59       10       | 192    3159353        2591714      -       
16     16     7      7/8    | 0.53      8.31      2.57      1.01      12.44        1.12      | 425320   0        7923     16       10       | 224    3159353        2591714      -       
16     16     8      8/8    | 0.52      8.23      2.52      0.99      12.27        1.13      | 425320   0        7949     0        0        | 256    3159353        2591714      -       
16     32     0      0/8    | 0.57      9.66      3.67      1.11      15.02        0.92      | 425320   0        0        7939     10       | 1      3698325        2591714      -       
16     32     1      1/8    | 0.57      9.58      3.70      1.08      14.94        0.93      | 425320   0        0        7939     10       | 32     3698325        2591714      -       
16     32     2      2/8    | 0.58      9.55      3.36      1.11      14.62        0.95      | 425320   0        5684     2255     10       | 64     3698325        2591714      -       
16     32     3      3/8    | 0.56      9.50      3.37      1.07      14.53        0.96      | 425320   0        6797     1142     10       | 96     3698325        2591714      -       
16     32     4      4/8    | 0.56      9.56      3.37      1.08      14.59        0.95      | 425320   0        7336     603      10       | 128    3698325        2591714      -       
16     32     5      5/8    | 0.59      9.89      3.39      1.12      15.01        0.93      | 425320   0        7775     164      10       | 160    3698325        2591714      -       
16     32     6      6/8    | 0.57      9.86      3.40      1.12      14.96        0.93      | 425320   0        7880     59       10       | 192    3698325        2591714      -       
16     32     7      7/8    | 0.58      9.84      3.27      1.09      14.79        0.94      | 425320   0        7923     16       10       | 224    3698325        2591714      -       
16     32     8      8/8    | 0.57      9.61      2.93      1.09      14.20        0.98      | 425320   0        7949     0        0        | 256    3698325        2591714      -       
32     8      0      0/8    | 0.65      4.30      4.37      0.98      10.31        1.35      | 275820   0        0        1234     0        | 1      900628         2591714      -       
32     8      1      1/8    | 0.63      4.46      4.37      0.89      10.35        1.34      | 275820   0        0        1234     0        | 128    900628         2591714      -       
32     8      2      2/8    | 0.63      4.59      4.34      0.92      10.51        1.32      | 275820   0        803      431      0        | 256    900628         2591714      -       
32     8      3      3/8    | 0.62      4.33      4.34      0.89      10.20        1.36      | 275820   0        1155     79       0        | 384    900628         2591714      -       
32     8      4      4/8    | 0.64      4.35      4.33      0.92      10.26        1.35      | 275820   0        1233     1        0        | 512    900628         2591714      -       
32     8      5      5/8    | 0.64      4.33      4.34      0.89      10.21        1.36      | 275820   0        1234     0        0        | 640    900628         2591714      -       
32     8      6      6/8    | 0.63      4.28      4.33      0.89      10.15        1.37      | 275820   0        1234     0        0        | 768    900628         2591714      -       
32     8      7      7/8    | 0.63      4.38      4.41      0.92      10.36        1.34      | 275820   0        1234     0        0        | 896    900628         2591714      -       
32     8      8      8/8    | 0.63      4.35      4.36      0.91      10.26        1.35      | 275820   0        1234     0        0        | 1024   900628         2591714      -       
32     16     0      0/8    | 0.66      4.88      4.58      0.91      11.04        1.26      | 275820   0        0        1234     0        | 1      984140         2591714      -       
32     16     1      1/8    | 0.68      4.83      4.60      0.90      11.02        1.26      | 275820   0        0        1234     0        | 128    984140         2591714      -       
32     16     2      2/8    | 0.65      4.75      4.68      0.92      11.02        1.26      | 275820   0        803      431      0        | 256    984140         2591714      -       
32     16     3      3/8    | 0.68      4.89      4.58      0.92      11.10        1.25      | 275820   0        1155     79       0        | 384    984140         2591714      -       
32     16     4      4/8    | 0.69      4.84      4.55      0.92      11.01        1.26      | 275820   0        1233     1        0        | 512    984140         2591714      -       
32     16     5      5/8    | 0.69      4.81      4.61      0.93      11.06        1.26      | 275820   0        1234     0        0        | 640    984140         2591714      -       
32     16     6      6/8    | 0.70      4.82      4.49      0.95      10.97        1.27      | 275820   0        1234     0        0        | 768    984140         2591714      -       
32     16     7      7/8    | 0.68      4.90      4.63      0.91      11.14        1.25      | 275820   0        1234     0        0        | 896    984140         2591714      -       
32     16     8      8/8    | 0.67      4.75      4.64      0.90      10.98        1.27      | 275820   0        1234     0        0        | 1024   984140         2591714      -       
32     32     0      0/8    | 0.66      6.12      5.23      0.96      12.98        1.07      | 275820   0        0        1234     0        | 1      1011452        2591714      -       
32     32     1      1/8    | 0.65      6.18      5.22      0.93      12.99        1.07      | 275820   0        0        1234     0        | 128    1011452        2591714      -       
32     32     2      2/8    | 0.65      6.07      5.10      1.00      12.84        1.08      | 275820   0        803      431      0        | 256    1011452        2591714      -       
32     32     3      3/8    | 0.65      6.14      4.95      0.93      12.69        1.09      | 275820   0        1155     79       0        | 384    1011452        2591714      -       
32     32     4      4/8    | 0.65      6.08      4.94      0.95      12.63        1.10      | 275820   0        1233     1        0        | 512    1011452        2591714      -       
32     32     5      5/8    | 0.66      6.06      4.95      0.94      12.64        1.10      | 275820   0        1234     0        0        | 640    1011452        2591714      -       
32     32     6      6/8    | 0.64      6.15      4.95      0.93      12.68        1.10      | 275820   0        1234     0        0        | 768    1011452        2591714      -       
32     32     7      7/8    | 0.64      6.05      4.94      0.93      12.58        1.10      | 275820   0        1234     0        0        | 896    1011452        2591714      -       
32     32     8      8/8    | 0.64      6.04      4.94      0.92      12.54        1.11      | 275820   0        1234     0        0        | 1024   1011452        2591714      -       
