# Matrix: g7jac050sc
# Path: /home/stu1/Dataset/training_dataset/10k-50k-0.001-0.01/g7jac050sc.mtx
# Category: 10k-50k-0.001-0.01
# Date: 2026-03-05 23:53:44
# Configs: 81 (9 tiles x 9 TC thresholds)
# Version: AdaSpGEMM_new
#
# Rows: 14760
# Cols: 14760
# NNZ(A): 157990
# NNZ(C) estimate: 2568056
#
tile_m tile_n tc_frc tc     | step1_ms  step2_ms  step3_ms  malloc    total_ms     gflops    | n_tiny   n_sml    n_lrg    n_dns    n_ful    | th_lrg tiles_C        nnzC         error   
-----------------------------------------------------------------------------------------------------------------------------------------------------------------------------------------
8      8      0      0/8    | 0.26      1.78      1.20      0.79      4.04         1.27      | 176673   0        0        22779    18       | 1      442868         891031       -       
8      8      1      1/8    | 0.24      1.68      1.22      0.75      3.90         1.32      | 176673   0        0        22779    18       | 8      442868         891031       -       
8      8      2      2/8    | 0.25      1.69      1.14      0.76      3.85         1.33      | 176673   0        15064    7715     18       | 16     442868         891031       -       
8      8      3      3/8    | 0.25      1.71      1.08      0.75      3.80         1.35      | 176673   0        19161    3618     18       | 24     442868         891031       -       
8      8      4      4/8    | 0.24      1.69      1.11      0.77      3.82         1.35      | 176673   0        20527    2252     18       | 32     442868         891031       -       
8      8      5      5/8    | 0.25      1.72      1.09      0.78      3.84         1.34      | 176673   0        21583    1196     18       | 40     442868         891031       -       
8      8      6      6/8    | 0.24      1.74      1.09      0.76      3.85         1.34      | 176673   0        22159    620      18       | 48     442868         891031       -       
8      8      7      7/8    | 0.25      1.75      1.09      0.76      3.85         1.33      | 176673   0        22641    138      18       | 56     442868         891031       -       
8      8      8      8/8    | 0.24      1.66      1.08      0.73      3.73         1.38      | 176673   0        22797    0        0        | 64     442868         891031       -       
8      16     0      0/8    | 0.25      1.98      1.29      0.84      4.37         1.18      | 176673   0        0        22779    18       | 1      551868         891031       -       
8      16     1      1/8    | 0.25      1.96      1.30      0.80      4.32         1.19      | 176673   0        0        22779    18       | 8      551868         891031       -       
8      16     2      2/8    | 0.25      1.89      1.18      0.77      4.09         1.26      | 176673   0        15064    7715     18       | 16     551868         891031       -       
8      16     3      3/8    | 0.24      1.88      1.11      0.77      4.01         1.28      | 176673   0        19161    3618     18       | 24     551868         891031       -       
8      16     4      4/8    | 0.26      1.94      1.15      0.83      4.18         1.23      | 176673   0        20527    2252     18       | 32     551868         891031       -       
8      16     5      5/8    | 0.25      1.88      1.11      0.80      4.04         1.27      | 176673   0        21583    1196     18       | 40     551868         891031       -       
8      16     6      6/8    | 0.25      1.97      1.12      0.81      4.16         1.23      | 176673   0        22159    620      18       | 48     551868         891031       -       
8      16     7      7/8    | 0.26      1.98      1.11      0.82      4.18         1.23      | 176673   0        22641    138      18       | 56     551868         891031       -       
8      16     8      8/8    | 0.25      1.96      1.11      0.78      4.12         1.25      | 176673   0        22797    0        0        | 64     551868         891031       -       
8      32     0      0/8    | 0.26      2.29      1.63      0.77      4.96         1.03      | 176673   0        0        22779    18       | 1      735715         891031       -       
8      32     1      1/8    | 0.26      2.29      1.61      0.73      4.90         1.05      | 176673   0        0        22779    18       | 8      735715         891031       -       
8      32     2      2/8    | 0.25      2.23      1.28      0.70      4.47         1.15      | 176673   0        15064    7715     18       | 16     735715         891031       -       
8      32     3      3/8    | 0.25      2.23      1.18      0.70      4.37         1.18      | 176673   0        19161    3618     18       | 24     735715         891031       -       
8      32     4      4/8    | 0.26      2.22      1.19      0.71      4.38         1.17      | 176673   0        20527    2252     18       | 32     735715         891031       -       
8      32     5      5/8    | 0.26      2.23      1.14      0.71      4.35         1.18      | 176673   0        21583    1196     18       | 40     735715         891031       -       
8      32     6      6/8    | 0.27      2.33      1.13      0.78      4.53         1.14      | 176673   0        22159    620      18       | 48     735715         891031       -       
8      32     7      7/8    | 0.26      2.29      1.14      0.74      4.44         1.16      | 176673   0        22641    138      18       | 56     735715         891031       -       
8      32     8      8/8    | 0.26      2.24      1.13      0.73      4.37         1.18      | 176673   0        22797    0        0        | 64     735715         891031       -       
16     8      0      0/8    | 0.34      1.84      1.18      0.52      3.88         1.32      | 98805    0        0        4267     0        | 1      187000         891031       -       
16     8      1      1/8    | 0.34      1.84      1.16      0.51      3.86         1.33      | 98805    0        0        4267     0        | 32     187000         891031       -       
16     8      2      2/8    | 0.34      1.76      1.14      0.52      3.77         1.36      | 98805    0        2867     1400     0        | 64     187000         891031       -       
16     8      3      3/8    | 0.34      1.76      1.15      0.52      3.79         1.36      | 98805    0        3814     453      0        | 96     187000         891031       -       
16     8      4      4/8    | 0.34      1.83      1.14      0.51      3.84         1.34      | 98805    0        4195     72       0        | 128    187000         891031       -       
16     8      5      5/8    | 0.35      1.82      1.15      0.56      3.89         1.32      | 98805    0        4240     27       0        | 160    187000         891031       -       
16     8      6      6/8    | 0.35      1.80      1.15      0.54      3.85         1.33      | 98805    0        4267     0        0        | 192    187000         891031       -       
16     8      7      7/8    | 0.35      1.81      1.14      0.54      3.86         1.33      | 98805    0        4267     0        0        | 224    187000         891031       -       
16     8      8      8/8    | 0.34      1.77      1.13      0.51      3.77         1.36      | 98805    0        4267     0        0        | 256    187000         891031       -       
16     16     0      0/8    | 0.30      1.78      1.21      0.56      3.86         1.33      | 98805    0        0        4267     0        | 1      218913         891031       -       
16     16     1      1/8    | 0.30      1.75      1.22      0.55      3.83         1.34      | 98805    0        0        4267     0        | 32     218913         891031       -       
16     16     2      2/8    | 0.30      1.78      1.03      0.58      3.70         1.39      | 98805    0        2867     1400     0        | 64     218913         891031       -       
16     16     3      3/8    | 0.29      1.71      1.04      0.56      3.62         1.42      | 98805    0        3814     453      0        | 96     218913         891031       -       
16     16     4      4/8    | 0.28      1.74      1.04      0.54      3.62         1.42      | 98805    0        4195     72       0        | 128    218913         891031       -       
16     16     5      5/8    | 0.29      1.70      1.04      0.53      3.57         1.44      | 98805    0        4240     27       0        | 160    218913         891031       -       
16     16     6      6/8    | 0.29      1.75      1.04      0.53      3.62         1.42      | 98805    0        4267     0        0        | 192    218913         891031       -       
16     16     7      7/8    | 0.29      1.78      1.03      0.52      3.63         1.41      | 98805    0        4267     0        0        | 224    218913         891031       -       
16     16     8      8/8    | 0.29      1.68      1.06      0.53      3.56         1.44      | 98805    0        4267     0        0        | 256    218913         891031       -       
16     32     0      0/8    | 0.22      1.53      1.30      0.73      3.80         1.35      | 98805    0        0        4267     0        | 1      268920         891031       -       
16     32     1      1/8    | 0.22      1.50      1.30      0.74      3.77         1.36      | 98805    0        0        4267     0        | 32     268920         891031       -       
16     32     2      2/8    | 0.22      1.52      1.21      0.71      3.67         1.40      | 98805    0        2867     1400     0        | 64     268920         891031       -       
16     32     3      3/8    | 0.24      1.52      0.99      0.78      3.53         1.45      | 98805    0        3814     453      0        | 96     268920         891031       -       
16     32     4      4/8    | 0.23      1.51      0.96      0.74      3.45         1.49      | 98805    0        4195     72       0        | 128    268920         891031       -       
16     32     5      5/8    | 0.22      1.54      0.95      0.73      3.47         1.48      | 98805    0        4240     27       0        | 160    268920         891031       -       
16     32     6      6/8    | 0.22      1.54      0.95      0.73      3.45         1.49      | 98805    0        4267     0        0        | 192    268920         891031       -       
16     32     7      7/8    | 0.22      1.51      0.96      0.72      3.42         1.50      | 98805    0        4267     0        0        | 224    268920         891031       -       
16     32     8      8/8    | 0.22      1.50      0.96      0.71      3.39         1.51      | 98805    0        4267     0        0        | 256    268920         891031       -       
32     8      0      0/8    | 0.45      2.41      1.38      0.42      4.67         1.10      | 49256    0        0        820      0        | 1      76744          891031       -       
32     8      1      1/8    | 0.46      2.44      1.37      0.44      4.72         1.09      | 49256    0        0        820      0        | 128    76744          891031       -       
32     8      2      2/8    | 0.46      2.40      1.39      0.42      4.68         1.10      | 49256    0        667      153      0        | 256    76744          891031       -       
32     8      3      3/8    | 0.45      2.38      1.36      0.42      4.62         1.11      | 49256    0        806      14       0        | 384    76744          891031       -       
32     8      4      4/8    | 0.45      2.40      1.33      0.39      4.58         1.12      | 49256    0        820      0        0        | 512    76744          891031       -       
32     8      5      5/8    | 0.45      2.42      1.38      0.41      4.67         1.10      | 49256    0        820      0        0        | 640    76744          891031       -       
32     8      6      6/8    | 0.45      2.43      1.36      0.41      4.65         1.10      | 49256    0        820      0        0        | 768    76744          891031       -       
32     8      7      7/8    | 0.45      2.43      1.39      0.42      4.70         1.09      | 49256    0        820      0        0        | 896    76744          891031       -       
32     8      8      8/8    | 0.46      2.44      1.39      0.45      4.75         1.08      | 49256    0        820      0        0        | 1024   76744          891031       -       
32     16     0      0/8    | 0.32      1.62      1.19      0.45      3.59         1.43      | 49256    0        0        820      0        | 1      86230          891031       -       
32     16     1      1/8    | 0.32      1.60      1.16      0.46      3.56         1.44      | 49256    0        0        820      0        | 128    86230          891031       -       
32     16     2      2/8    | 0.31      1.62      1.13      0.44      3.52         1.46      | 49256    0        667      153      0        | 256    86230          891031       -       
32     16     3      3/8    | 0.31      1.58      1.21      0.44      3.55         1.45      | 49256    0        806      14       0        | 384    86230          891031       -       
32     16     4      4/8    | 0.32      1.60      1.16      0.48      3.57         1.44      | 49256    0        820      0        0        | 512    86230          891031       -       
32     16     5      5/8    | 0.32      1.63      1.13      0.45      3.52         1.46      | 49256    0        820      0        0        | 640    86230          891031       -       
32     16     6      6/8    | 0.30      1.62      1.17      0.43      3.53         1.45      | 49256    0        820      0        0        | 768    86230          891031       -       
32     16     7      7/8    | 0.31      1.59      1.12      0.42      3.46         1.48      | 49256    0        820      0        0        | 896    86230          891031       -       
32     16     8      8/8    | 0.30      1.59      1.16      0.41      3.48         1.48      | 49256    0        820      0        0        | 1024   86230          891031       -       
32     32     0      0/8    | 0.24      1.22      1.30      0.40      3.17         1.62      | 49256    0        0        820      0        | 1      98952          891031       -       
32     32     1      1/8    | 0.24      1.23      1.31      0.41      3.19         1.61      | 49256    0        0        820      0        | 128    98952          891031       -       
32     32     2      2/8    | 0.23      1.20      1.08      0.42      2.94         1.75      | 49256    0        667      153      0        | 256    98952          891031       -       
32     32     3      3/8    | 0.23      1.22      1.12      0.39      2.97         1.73      | 49256    0        806      14       0        | 384    98952          891031       -       
32     32     4      4/8    | 0.24      1.21      1.10      0.44      3.00         1.71      | 49256    0        820      0        0        | 512    98952          891031       -       
32     32     5      5/8    | 0.23      1.18      1.07      0.40      2.89         1.78      | 49256    0        820      0        0        | 640    98952          891031       -       
32     32     6      6/8    | 0.23      1.25      1.08      0.40      2.97         1.73      | 49256    0        820      0        0        | 768    98952          891031       -       
32     32     7      7/8    | 0.23      1.17      1.06      0.39      2.85         1.80      | 49256    0        820      0        0        | 896    98952          891031       -       
32     32     8      8/8    | 0.23      1.22      1.13      0.40      3.00         1.71      | 49256    0        820      0        0        | 1024   98952          891031       -       
