# Matrix: g7jac040
# Path: /home/stu1/Dataset/training_dataset/10k-50k-0.001-0.01/g7jac040.mtx
# Category: 10k-50k-0.001-0.01
# Date: 2026-03-05 23:52:21
# Configs: 81 (9 tiles x 9 TC thresholds)
# Version: AdaSpGEMM_new
#
# Rows: 11790
# Cols: 11790
# NNZ(A): 114671
# NNZ(C) estimate: 1538270
#
tile_m tile_n tc_frc tc     | step1_ms  step2_ms  step3_ms  malloc    total_ms     gflops    | n_tiny   n_sml    n_lrg    n_dns    n_ful    | th_lrg tiles_C        nnzC         error   
-----------------------------------------------------------------------------------------------------------------------------------------------------------------------------------------
8      8      0      0/8    | 0.22      1.24      0.69      0.72      2.88         1.07      | 119243   0        0        15815    18       | 1      295647         623334       -       
8      8      1      1/8    | 0.23      1.22      0.69      0.76      2.90         1.06      | 119243   0        0        15815    18       | 8      295647         623334       -       
8      8      2      2/8    | 0.22      1.27      0.65      0.73      2.88         1.07      | 119243   0        10020    5795     18       | 16     295647         623334       -       
8      8      3      3/8    | 0.22      1.28      0.61      0.71      2.84         1.08      | 119243   0        12949    2866     18       | 24     295647         623334       -       
8      8      4      4/8    | 0.22      1.31      0.63      0.71      2.88         1.07      | 119243   0        14009    1806     18       | 32     295647         623334       -       
8      8      5      5/8    | 0.22      1.25      0.61      0.69      2.78         1.11      | 119243   0        14866    949      18       | 40     295647         623334       -       
8      8      6      6/8    | 0.23      1.29      0.62      0.76      2.91         1.06      | 119243   0        15329    486      18       | 48     295647         623334       -       
8      8      7      7/8    | 0.22      1.33      0.62      0.72      2.90         1.06      | 119243   0        15701    114      18       | 56     295647         623334       -       
8      8      8      8/8    | 0.21      1.20      0.62      0.71      2.75         1.12      | 119243   0        15833    0        0        | 64     295647         623334       -       
8      16     0      0/8    | 0.23      1.44      0.75      0.76      3.19         0.96      | 119243   0        0        15815    18       | 1      367668         623334       -       
8      16     1      1/8    | 0.22      1.39      0.74      0.71      3.07         1.00      | 119243   0        0        15815    18       | 8      367668         623334       -       
8      16     2      2/8    | 0.22      1.39      0.67      0.73      3.02         1.02      | 119243   0        10020    5795     18       | 16     367668         623334       -       
8      16     3      3/8    | 0.23      1.38      0.62      0.75      2.98         1.03      | 119243   0        12949    2866     18       | 24     367668         623334       -       
8      16     4      4/8    | 0.22      1.41      0.63      0.72      2.99         1.03      | 119243   0        14009    1806     18       | 32     367668         623334       -       
8      16     5      5/8    | 0.22      1.42      0.61      0.70      2.96         1.04      | 119243   0        14866    949      18       | 40     367668         623334       -       
8      16     6      6/8    | 0.22      1.39      0.62      0.71      2.95         1.04      | 119243   0        15329    486      18       | 48     367668         623334       -       
8      16     7      7/8    | 0.22      1.36      0.61      0.70      2.90         1.06      | 119243   0        15701    114      18       | 56     367668         623334       -       
8      16     8      8/8    | 0.22      1.38      0.61      0.72      2.93         1.05      | 119243   0        15833    0        0        | 64     367668         623334       -       
8      32     0      0/8    | 0.21      1.48      1.01      0.74      3.45         0.89      | 119243   0        0        15815    18       | 1      484486         623334       -       
8      32     1      1/8    | 0.21      1.48      1.01      0.77      3.47         0.89      | 119243   0        0        15815    18       | 8      484486         623334       -       
8      32     2      2/8    | 0.21      1.49      0.77      0.74      3.22         0.96      | 119243   0        10020    5795     18       | 16     484486         623334       -       
8      32     3      3/8    | 0.21      1.48      0.64      0.75      3.08         1.00      | 119243   0        12949    2866     18       | 24     484486         623334       -       
8      32     4      4/8    | 0.22      1.52      0.64      0.81      3.21         0.96      | 119243   0        14009    1806     18       | 32     484486         623334       -       
8      32     5      5/8    | 0.22      1.50      0.62      0.78      3.12         0.99      | 119243   0        14866    949      18       | 40     484486         623334       -       
8      32     6      6/8    | 0.21      1.53      0.62      0.77      3.13         0.98      | 119243   0        15329    486      18       | 48     484486         623334       -       
8      32     7      7/8    | 0.21      1.47      0.62      0.73      3.05         1.01      | 119243   0        15701    114      18       | 56     484486         623334       -       
8      32     8      8/8    | 0.21      1.46      0.62      0.76      3.05         1.01      | 119243   0        15833    0        0        | 64     484486         623334       -       
16     8      0      0/8    | 0.29      1.43      0.71      0.41      2.85         1.08      | 66110    0        0        3242     0        | 1      124647         623334       -       
16     8      1      1/8    | 0.28      1.46      0.71      0.39      2.85         1.08      | 66110    0        0        3242     0        | 32     124647         623334       -       
16     8      2      2/8    | 0.28      1.43      0.68      0.38      2.78         1.11      | 66110    0        2126     1116     0        | 64     124647         623334       -       
16     8      3      3/8    | 0.29      1.37      0.69      0.40      2.76         1.12      | 66110    0        2882     360      0        | 96     124647         623334       -       
16     8      4      4/8    | 0.28      1.32      0.68      0.38      2.67         1.15      | 66110    0        3178     64       0        | 128    124647         623334       -       
16     8      5      5/8    | 0.28      1.34      0.68      0.38      2.68         1.15      | 66110    0        3218     24       0        | 160    124647         623334       -       
16     8      6      6/8    | 0.28      1.42      0.69      0.38      2.77         1.11      | 66110    0        3242     0        0        | 192    124647         623334       -       
16     8      7      7/8    | 0.29      1.35      0.70      0.37      2.72         1.13      | 66110    0        3242     0        0        | 224    124647         623334       -       
16     8      8      8/8    | 0.28      1.36      0.69      0.38      2.71         1.14      | 66110    0        3242     0        0        | 256    124647         623334       -       
16     16     0      0/8    | 0.25      1.21      0.75      0.45      2.67         1.15      | 66110    0        0        3242     0        | 1      145413         623334       -       
16     16     1      1/8    | 0.27      1.28      0.76      0.49      2.82         1.09      | 66110    0        0        3242     0        | 32     145413         623334       -       
16     16     2      2/8    | 0.26      1.21      0.60      0.46      2.55         1.21      | 66110    0        2126     1116     0        | 64     145413         623334       -       
16     16     3      3/8    | 0.26      1.23      0.59      0.45      2.54         1.21      | 66110    0        2882     360      0        | 96     145413         623334       -       
16     16     4      4/8    | 0.26      1.19      0.59      0.47      2.52         1.22      | 66110    0        3178     64       0        | 128    145413         623334       -       
16     16     5      5/8    | 0.26      1.25      0.60      0.47      2.58         1.19      | 66110    0        3218     24       0        | 160    145413         623334       -       
16     16     6      6/8    | 0.25      1.25      0.61      0.45      2.56         1.20      | 66110    0        3242     0        0        | 192    145413         623334       -       
16     16     7      7/8    | 0.25      1.20      0.59      0.44      2.49         1.23      | 66110    0        3242     0        0        | 224    145413         623334       -       
16     16     8      8/8    | 0.26      1.25      0.60      0.44      2.56         1.20      | 66110    0        3242     0        0        | 256    145413         623334       -       
16     32     0      0/8    | 0.19      1.12      0.89      0.43      2.64         1.17      | 66110    0        0        3242     0        | 1      176739         623334       -       
16     32     1      1/8    | 0.20      1.13      0.91      0.45      2.70         1.14      | 66110    0        0        3242     0        | 32     176739         623334       -       
16     32     2      2/8    | 0.20      1.14      0.70      0.46      2.51         1.23      | 66110    0        2126     1116     0        | 64     176739         623334       -       
16     32     3      3/8    | 0.19      1.12      0.59      0.44      2.36         1.30      | 66110    0        2882     360      0        | 96     176739         623334       -       
16     32     4      4/8    | 0.20      1.13      0.57      0.45      2.37         1.30      | 66110    0        3178     64       0        | 128    176739         623334       -       
16     32     5      5/8    | 0.20      1.12      0.56      0.44      2.33         1.32      | 66110    0        3218     24       0        | 160    176739         623334       -       
16     32     6      6/8    | 0.20      1.08      0.57      0.48      2.34         1.31      | 66110    0        3242     0        0        | 192    176739         623334       -       
16     32     7      7/8    | 0.20      1.09      0.56      0.45      2.31         1.33      | 66110    0        3242     0        0        | 224    176739         623334       -       
16     32     8      8/8    | 0.19      1.07      0.56      0.43      2.26         1.36      | 66110    0        3242     0        0        | 256    176739         623334       -       
32     8      0      0/8    | 0.36      1.65      0.95      0.33      3.30         0.93      | 32542    0        0        662      0        | 1      50549          623334       -       
32     8      1      1/8    | 0.38      1.67      0.91      0.35      3.33         0.92      | 32542    0        0        662      0        | 128    50549          623334       -       
32     8      2      2/8    | 0.37      1.66      0.91      0.33      3.28         0.94      | 32542    0        539      123      0        | 256    50549          623334       -       
32     8      3      3/8    | 0.37      1.67      0.95      0.34      3.33         0.92      | 32542    0        650      12       0        | 384    50549          623334       -       
32     8      4      4/8    | 0.37      1.66      0.93      0.33      3.30         0.93      | 32542    0        662      0        0        | 512    50549          623334       -       
32     8      5      5/8    | 0.37      1.68      0.96      0.34      3.36         0.92      | 32542    0        662      0        0        | 640    50549          623334       -       
32     8      6      6/8    | 0.37      1.66      0.93      0.34      3.31         0.93      | 32542    0        662      0        0        | 768    50549          623334       -       
32     8      7      7/8    | 0.38      1.68      0.94      0.36      3.37         0.91      | 32542    0        662      0        0        | 896    50549          623334       -       
32     8      8      8/8    | 0.37      1.66      0.89      0.33      3.25         0.95      | 32542    0        662      0        0        | 1024   50549          623334       -       
32     16     0      0/8    | 0.26      1.21      0.81      0.35      2.64         1.16      | 32542    0        0        662      0        | 1      56718          623334       -       
32     16     1      1/8    | 0.26      1.18      0.82      0.35      2.62         1.17      | 32542    0        0        662      0        | 128    56718          623334       -       
32     16     2      2/8    | 0.26      1.17      0.78      0.35      2.57         1.20      | 32542    0        539      123      0        | 256    56718          623334       -       
32     16     3      3/8    | 0.26      1.20      0.73      0.34      2.55         1.21      | 32542    0        650      12       0        | 384    56718          623334       -       
32     16     4      4/8    | 0.26      1.21      0.76      0.36      2.58         1.19      | 32542    0        662      0        0        | 512    56718          623334       -       
32     16     5      5/8    | 0.26      1.22      0.79      0.36      2.63         1.17      | 32542    0        662      0        0        | 640    56718          623334       -       
32     16     6      6/8    | 0.27      1.20      0.78      0.36      2.61         1.18      | 32542    0        662      0        0        | 768    56718          623334       -       
32     16     7      7/8    | 0.26      1.23      0.83      0.35      2.68         1.15      | 32542    0        662      0        0        | 896    56718          623334       -       
32     16     8      8/8    | 0.26      1.20      0.84      0.35      2.66         1.16      | 32542    0        662      0        0        | 1024   56718          623334       -       
32     32     0      0/8    | 0.21      0.87      0.87      0.37      2.33         1.32      | 32542    0        0        662      0        | 1      64582          623334       -       
32     32     1      1/8    | 0.21      0.86      0.86      0.35      2.29         1.35      | 32542    0        0        662      0        | 128    64582          623334       -       
32     32     2      2/8    | 0.21      0.87      0.78      0.35      2.22         1.39      | 32542    0        539      123      0        | 256    64582          623334       -       
32     32     3      3/8    | 0.21      0.86      0.73      0.37      2.17         1.41      | 32542    0        650      12       0        | 384    64582          623334       -       
32     32     4      4/8    | 0.20      0.87      0.76      0.36      2.21         1.39      | 32542    0        662      0        0        | 512    64582          623334       -       
32     32     5      5/8    | 0.20      0.86      0.77      0.34      2.17         1.41      | 32542    0        662      0        0        | 640    64582          623334       -       
32     32     6      6/8    | 0.20      0.85      0.80      0.34      2.20         1.40      | 32542    0        662      0        0        | 768    64582          623334       -       
32     32     7      7/8    | 0.20      0.84      0.78      0.33      2.17         1.42      | 32542    0        662      0        0        | 896    64582          623334       -       
32     32     8      8/8    | 0.21      0.89      0.76      0.37      2.24         1.37      | 32542    0        662      0        0        | 1024   64582          623334       -       
