# Matrix: bcsstk32
# Path: /home/stu1/Dataset/training_dataset/10k-50k-0.01-0.1/bcsstk32.mtx
# Category: 10k-50k-0.01-0.1
# Date: 2026-03-06 01:35:56
# Configs: 81 (9 tiles x 9 TC thresholds)
# Version: AdaSpGEMM_new
#
# Rows: 44609
# Cols: 44609
# NNZ(A): 2014701
# NNZ(C) estimate: 101687697
#
tile_m tile_n tc_frc tc     | step1_ms  step2_ms  step3_ms  malloc    total_ms     gflops    | n_tiny   n_sml    n_lrg    n_dns    n_ful    | th_lrg tiles_C        nnzC         error   
-----------------------------------------------------------------------------------------------------------------------------------------------------------------------------------------
8      8      0      0/8    | 0.15      1.13      1.75      0.83      3.88         52.38     | 41031    0        0        144566   32912    | 1      379359         6819653      -       
8      8      1      1/8    | 0.14      1.12      1.74      0.84      3.86         52.73     | 41031    0        0        144566   32912    | 8      379359         6819653      -       
8      8      2      2/8    | 0.14      1.14      1.73      0.81      3.84         52.99     | 41031    0        35246    109320   32912    | 16     379359         6819653      -       
8      8      3      3/8    | 0.14      1.16      1.75      0.86      3.92         51.86     | 41031    0        62959    81607    32912    | 24     379359         6819653      -       
8      8      4      4/8    | 0.14      1.12      1.81      0.86      3.96         51.40     | 41031    0        86846    57720    32912    | 32     379359         6819653      -       
8      8      5      5/8    | 0.14      1.15      1.78      0.84      3.92         51.92     | 41031    0        106825   37741    32912    | 40     379359         6819653      -       
8      8      6      6/8    | 0.13      1.11      1.83      0.82      3.90         52.12     | 41031    0        122451   22115    32912    | 48     379359         6819653      -       
8      8      7      7/8    | 0.14      1.09      1.95      0.83      4.02         50.57     | 41031    0        136220   8346     32912    | 56     379359         6819653      -       
8      8      8      8/8    | 0.13      1.10      2.56      0.79      4.60         44.25     | 41031    0        177478   0        0        | 64     379359         6819653      -       
8      16     0      0/8    | 0.12      1.30      1.77      0.79      4.00         50.86     | 41031    0        0        144566   32912    | 1      460615         6819653      -       
8      16     1      1/8    | 0.14      1.33      1.78      0.86      4.13         49.20     | 41031    0        0        144566   32912    | 8      460615         6819653      -       
8      16     2      2/8    | 0.13      1.40      1.73      0.83      4.10         49.57     | 41031    0        35246    109320   32912    | 16     460615         6819653      -       
8      16     3      3/8    | 0.12      1.29      1.72      0.80      3.94         51.64     | 41031    0        62959    81607    32912    | 24     460615         6819653      -       
8      16     4      4/8    | 0.14      1.39      1.75      0.85      4.15         48.98     | 41031    0        86846    57720    32912    | 32     460615         6819653      -       
8      16     5      5/8    | 0.13      1.39      1.76      0.80      4.10         49.64     | 41031    0        106825   37741    32912    | 40     460615         6819653      -       
8      16     6      6/8    | 0.14      1.39      1.81      0.84      4.20         48.38     | 41031    0        122451   22115    32912    | 48     460615         6819653      -       
8      16     7      7/8    | 0.13      1.34      1.88      0.84      4.21         48.30     | 41031    0        136220   8346     32912    | 56     460615         6819653      -       
8      16     8      8/8    | 0.13      1.36      2.50      0.82      4.83         42.12     | 41031    0        177478   0        0        | 64     460615         6819653      -       
8      32     0      0/8    | 0.15      1.68      2.54      0.87      5.26         38.69     | 41031    0        0        144566   32912    | 1      588125         6819653      -       
8      32     1      1/8    | 0.14      1.66      2.52      0.86      5.19         39.20     | 41031    0        0        144566   32912    | 8      588125         6819653      -       
8      32     2      2/8    | 0.14      1.68      2.38      0.81      5.01         40.55     | 41031    0        35246    109320   32912    | 16     588125         6819653      -       
8      32     3      3/8    | 0.13      1.63      2.27      0.84      4.88         41.65     | 41031    0        62959    81607    32912    | 24     588125         6819653      -       
8      32     4      4/8    | 0.14      1.62      2.20      0.80      4.78         42.58     | 41031    0        86846    57720    32912    | 32     588125         6819653      -       
8      32     5      5/8    | 0.15      1.67      2.15      0.89      4.87         41.74     | 41031    0        106825   37741    32912    | 40     588125         6819653      -       
8      32     6      6/8    | 0.15      1.65      2.12      0.83      4.77         42.66     | 41031    0        122451   22115    32912    | 48     588125         6819653      -       
8      32     7      7/8    | 0.14      1.68      2.10      0.81      4.74         42.92     | 41031    0        136220   8346     32912    | 56     588125         6819653      -       
8      32     8      8/8    | 0.14      1.69      2.49      0.86      5.20         39.13     | 41031    0        177478   0        0        | 64     588125         6819653      -       
16     8      0      0/8    | 0.13      0.56      1.84      0.53      3.06         66.40     | 28455    0        0        54346    2064     | 1      139613         6819653      -       
16     8      1      1/8    | 0.13      0.61      1.86      0.52      3.14         64.85     | 28455    0        0        54346    2064     | 32     139613         6819653      -       
16     8      2      2/8    | 0.14      0.61      1.83      0.59      3.20         63.61     | 28455    0        16951    37395    2064     | 64     139613         6819653      -       
16     8      3      3/8    | 0.13      0.56      1.92      0.53      3.16         64.32     | 28455    0        28975    25371    2064     | 96     139613         6819653      -       
16     8      4      4/8    | 0.12      0.59      2.03      0.52      3.27         62.12     | 28455    0        37631    16715    2064     | 128    139613         6819653      -       
16     8      5      5/8    | 0.14      0.58      2.12      0.56      3.41         59.69     | 28455    0        43655    10691    2064     | 160    139613         6819653      -       
16     8      6      6/8    | 0.13      0.56      2.23      0.53      3.47         58.61     | 28455    0        47736    6610     2064     | 192    139613         6819653      -       
16     8      7      7/8    | 0.14      0.57      2.34      0.55      3.61         56.40     | 28455    0        50994    3352     2064     | 224    139613         6819653      -       
16     8      8      8/8    | 0.13      0.57      2.57      0.55      3.84         52.91     | 28455    0        56410    0        0        | 256    139613         6819653      -       
16     16     0      0/8    | 0.11      0.63      1.78      0.52      3.05         66.68     | 28455    0        0        54346    2064     | 1      166301         6819653      -       
16     16     1      1/8    | 0.13      0.61      1.85      0.55      3.16         64.30     | 28455    0        0        54346    2064     | 32     166301         6819653      -       
16     16     2      2/8    | 0.11      0.61      1.82      0.52      3.07         66.29     | 28455    0        16951    37395    2064     | 64     166301         6819653      -       
16     16     3      3/8    | 0.13      0.60      1.85      0.56      3.15         64.54     | 28455    0        28975    25371    2064     | 96     166301         6819653      -       
16     16     4      4/8    | 0.12      0.59      2.05      0.53      3.31         61.54     | 28455    0        37631    16715    2064     | 128    166301         6819653      -       
16     16     5      5/8    | 0.12      0.63      2.19      0.52      3.47         58.59     | 28455    0        43655    10691    2064     | 160    166301         6819653      -       
16     16     6      6/8    | 0.13      0.61      2.31      0.58      3.64         55.92     | 28455    0        47736    6610     2064     | 192    166301         6819653      -       
16     16     7      7/8    | 0.12      0.58      2.45      0.54      3.71         54.89     | 28455    0        50994    3352     2064     | 224    166301         6819653      -       
16     16     8      8/8    | 0.12      0.59      2.55      0.54      3.81         53.35     | 28455    0        56410    0        0        | 256    166301         6819653      -       
16     32     0      0/8    | 0.11      0.65      2.54      0.61      3.92         51.87     | 28455    0        0        54346    2064     | 1      208017         6819653      -       
16     32     1      1/8    | 0.11      0.64      2.51      0.65      3.92         51.82     | 28455    0        0        54346    2064     | 32     208017         6819653      -       
16     32     2      2/8    | 0.13      0.69      2.33      0.67      3.83         53.16     | 28455    0        16951    37395    2064     | 64     208017         6819653      -       
16     32     3      3/8    | 0.12      0.66      2.26      0.65      3.70         55.00     | 28455    0        28975    25371    2064     | 96     208017         6819653      -       
16     32     4      4/8    | 0.12      0.67      2.25      0.66      3.71         54.76     | 28455    0        37631    16715    2064     | 128    208017         6819653      -       
16     32     5      5/8    | 0.12      0.70      2.30      0.65      3.77         53.89     | 28455    0        43655    10691    2064     | 160    208017         6819653      -       
16     32     6      6/8    | 0.11      0.64      2.35      0.63      3.74         54.36     | 28455    0        47736    6610     2064     | 192    208017         6819653      -       
16     32     7      7/8    | 0.25      0.65      2.42      0.61      3.93         51.70     | 28455    0        50994    3352     2064     | 224    208017         6819653      -       
16     32     8      8/8    | 0.11      0.63      2.67      0.62      4.05         50.20     | 28455    0        56410    0        0        | 256    208017         6819653      -       
32     8      0      0/8    | 0.17      0.45      3.13      0.47      4.23         48.10     | 20563    0        0        16249    131      | 1      57219          6819653      -       
32     8      1      1/8    | 0.15      0.49      3.07      0.46      4.18         48.63     | 20563    0        0        16249    131      | 128    57219          6819653      -       
32     8      2      2/8    | 0.16      0.46      2.97      0.47      4.07         49.96     | 20563    0        7163     9086     131      | 256    57219          6819653      -       
32     8      3      3/8    | 0.15      0.43      2.88      0.44      3.90         52.08     | 20563    0        10689    5560     131      | 384    57219          6819653      -       
32     8      4      4/8    | 0.16      0.46      2.99      0.48      4.10         49.62     | 20563    0        12949    3300     131      | 512    57219          6819653      -       
32     8      5      5/8    | 0.16      0.45      3.05      0.46      4.14         49.16     | 20563    0        14674    1575     131      | 640    57219          6819653      -       
32     8      6      6/8    | 0.14      0.44      3.03      0.46      4.09         49.70     | 20563    0        15859    390      131      | 768    57219          6819653      -       
32     8      7      7/8    | 0.15      0.44      3.05      0.45      4.10         49.65     | 20563    0        16130    119      131      | 896    57219          6819653      -       
32     8      8      8/8    | 0.16      0.46      3.24      0.48      4.36         46.66     | 20563    0        16380    0        0        | 1024   57219          6819653      -       
32     16     0      0/8    | 0.12      0.42      3.28      0.45      4.30         47.33     | 20563    0        0        16249    131      | 1      66663          6819653      -       
32     16     1      1/8    | 0.13      0.42      3.32      0.45      4.33         46.91     | 20563    0        0        16249    131      | 128    66663          6819653      -       
32     16     2      2/8    | 0.12      0.43      2.97      0.45      3.99         50.98     | 20563    0        7163     9086     131      | 256    66663          6819653      -       
32     16     3      3/8    | 0.12      0.42      2.87      0.44      3.86         52.63     | 20563    0        10689    5560     131      | 384    66663          6819653      -       
32     16     4      4/8    | 0.12      0.40      2.94      0.44      3.92         51.91     | 20563    0        12949    3300     131      | 512    66663          6819653      -       
32     16     5      5/8    | 0.11      0.41      3.12      0.45      4.11         49.48     | 20563    0        14674    1575     131      | 640    66663          6819653      -       
32     16     6      6/8    | 0.11      0.41      3.03      0.43      4.00         50.78     | 20563    0        15859    390      131      | 768    66663          6819653      -       
32     16     7      7/8    | 0.14      0.42      3.14      0.47      4.18         48.67     | 20563    0        16130    119      131      | 896    66663          6819653      -       
32     16     8      8/8    | 0.12      0.43      3.22      0.45      4.23         48.06     | 20563    0        16380    0        0        | 1024   66663          6819653      -       
32     32     0      0/8    | 0.10      0.41      3.08      0.45      4.06         50.09     | 20563    0        0        16249    131      | 1      82751          6819653      -       
32     32     1      1/8    | 0.12      0.45      3.10      0.48      4.17         48.78     | 20563    0        0        16249    131      | 128    82751          6819653      -       
32     32     2      2/8    | 0.11      0.43      2.75      0.46      3.77         53.87     | 20563    0        7163     9086     131      | 256    82751          6819653      -       
32     32     3      3/8    | 0.11      0.42      2.80      0.48      3.83         53.13     | 20563    0        10689    5560     131      | 384    82751          6819653      -       
32     32     4      4/8    | 0.11      0.43      2.73      0.47      3.76         54.10     | 20563    0        12949    3300     131      | 512    82751          6819653      -       
32     32     5      5/8    | 0.12      0.44      3.01      0.49      4.07         50.03     | 20563    0        14674    1575     131      | 640    82751          6819653      -       
32     32     6      6/8    | 0.12      0.42      3.08      0.48      4.13         49.29     | 20563    0        15859    390      131      | 768    82751          6819653      -       
32     32     7      7/8    | 0.11      0.41      3.24      0.46      4.24         48.00     | 20563    0        16130    119      131      | 896    82751          6819653      -       
32     32     8      8/8    | 0.11      0.43      3.27      0.50      4.32         47.06     | 20563    0        16380    0        0        | 1024   82751          6819653      -       
