# Matrix: vsp_south31_slptsk
# Path: /home/stu1/Dataset/training_dataset/10k-50k-0.01-0.1/vsp_south31_slptsk.mtx
# Category: 10k-50k-0.01-0.1
# Date: 2026-03-06 04:48:40
# Configs: 81 (9 tiles x 9 TC thresholds)
# Version: AdaSpGEMM_new
#
# Rows: 39668
# Cols: 39668
# NNZ(A): 379828
# NNZ(C) estimate: 678848892
#
tile_m tile_n tc_frc tc     | step1_ms  step2_ms  step3_ms  malloc    total_ms     gflops    | n_tiny   n_sml    n_lrg    n_dns    n_ful    | th_lrg tiles_C        nnzC         error   
-----------------------------------------------------------------------------------------------------------------------------------------------------------------------------------------
8      8      0      0/8    | 3.09      31.41     42.37     3.90      80.79        16.81     | 1062261  0        0        892289   5629685  | 1      12075833       389540274    -       
8      8      1      1/8    | 3.09      31.05     42.45     3.83      80.44        16.88     | 1062261  0        0        892289   5629685  | 8      12075833       389540274    -       
8      8      2      2/8    | 3.09      31.13     42.11     3.86      80.20        16.93     | 1062261  0        381270   511019   5629685  | 16     12075833       389540274    -       
8      8      3      3/8    | 3.10      30.99     41.72     3.83      79.66        17.04     | 1062261  0        518128   374161   5629685  | 24     12075833       389540274    -       
8      8      4      4/8    | 3.08      31.95     41.27     3.92      80.23        16.92     | 1062261  0        648037   244252   5629685  | 32     12075833       389540274    -       
8      8      5      5/8    | 3.09      31.75     40.82     3.85      79.52        17.07     | 1062261  0        681088   211201   5629685  | 40     12075833       389540274    -       
8      8      6      6/8    | 3.09      31.17     40.56     3.87      78.71        17.25     | 1062261  0        700773   191516   5629685  | 48     12075833       389540274    -       
8      8      7      7/8    | 3.08      31.17     40.71     3.85      78.82        17.23     | 1062261  0        804464   87825    5629685  | 56     12075833       389540274    -       
8      8      8      8/8    | 3.08      31.78     29.47     3.88      68.24        19.90     | 1062261  0        6521974  0        0        | 64     12075833       389540274    -       
8      16     0      0/8    | 2.69      37.83     43.20     3.97      87.71        15.48     | 1062261  0        0        892289   5629685  | 1      14614901       389540274    -       
8      16     1      1/8    | 2.69      38.59     42.54     3.98      87.82        15.46     | 1062261  0        0        892289   5629685  | 8      14614901       389540274    -       
8      16     2      2/8    | 2.71      38.43     41.55     3.98      86.69        15.66     | 1062261  0        381270   511019   5629685  | 16     14614901       389540274    -       
8      16     3      3/8    | 2.72      38.36     41.43     4.03      86.56        15.68     | 1062261  0        518128   374161   5629685  | 24     14614901       389540274    -       
8      16     4      4/8    | 2.69      38.20     41.60     3.93      86.44        15.71     | 1062261  0        648037   244252   5629685  | 32     14614901       389540274    -       
8      16     5      5/8    | 2.70      38.29     41.06     3.98      86.05        15.78     | 1062261  0        681088   211201   5629685  | 40     14614901       389540274    -       
8      16     6      6/8    | 2.67      38.23     41.59     3.96      86.47        15.70     | 1062261  0        700773   191516   5629685  | 48     14614901       389540274    -       
8      16     7      7/8    | 2.68      37.91     39.45     3.99      84.04        16.15     | 1062261  0        804464   87825    5629685  | 56     14614901       389540274    -       
8      16     8      8/8    | 2.71      38.11     24.94     3.97      69.74        19.47     | 1062261  0        6521974  0        0        | 64     14614901       389540274    -       
8      32     0      0/8    | 2.63      46.41     48.40     4.17      101.64       13.36     | 1062261  0        0        892289   5629685  | 1      17593443       389540274    -       
8      32     1      1/8    | 2.60      45.76     48.41     4.10      100.88       13.46     | 1062261  0        0        892289   5629685  | 8      17593443       389540274    -       
8      32     2      2/8    | 2.65      46.27     46.41     4.12      99.48        13.65     | 1062261  0        381270   511019   5629685  | 16     17593443       389540274    -       
8      32     3      3/8    | 2.64      45.51     45.70     4.06      97.93        13.86     | 1062261  0        518128   374161   5629685  | 24     17593443       389540274    -       
8      32     4      4/8    | 2.58      46.01     45.02     4.11      97.74        13.89     | 1062261  0        648037   244252   5629685  | 32     17593443       389540274    -       
8      32     5      5/8    | 2.60      45.77     44.85     4.11      97.33        13.95     | 1062261  0        681088   211201   5629685  | 40     17593443       389540274    -       
8      32     6      6/8    | 2.62      46.09     44.66     4.13      97.51        13.92     | 1062261  0        700773   191516   5629685  | 48     17593443       389540274    -       
8      32     7      7/8    | 2.60      46.48     42.36     4.11      95.57        14.21     | 1062261  0        804464   87825    5629685  | 56     17593443       389540274    -       
8      32     8      8/8    | 2.66      45.82     23.09     4.09      75.68        17.94     | 1062261  0        6521974  0        0        | 64     17593443       389540274    -       
16     8      0      0/8    | 2.43      14.08     31.57     3.58      51.68        26.27     | 808970   0        0        220469   1403897  | 1      4153958        389540274    -       
16     8      1      1/8    | 2.44      13.53     30.72     3.59      50.30        26.99     | 808970   0        0        220469   1403897  | 32     4153958        389540274    -       
16     8      2      2/8    | 2.43      13.91     29.39     3.60      49.34        27.51     | 808970   0        120984   99485    1403897  | 64     4153958        389540274    -       
16     8      3      3/8    | 2.43      13.65     29.43     3.59      49.12        27.64     | 808970   0        156893   63576    1403897  | 96     4153958        389540274    -       
16     8      4      4/8    | 2.44      13.96     29.35     3.61      49.37        27.50     | 808970   0        171410   49059    1403897  | 128    4153958        389540274    -       
16     8      5      5/8    | 2.43      14.05     17.04     3.60      37.14        36.56     | 808970   0        174070   46399    1403897  | 160    4153958        389540274    -       
16     8      6      6/8    | 2.43      13.79     17.02     3.62      36.88        36.81     | 808970   0        176790   43679    1403897  | 192    4153958        389540274    -       
16     8      7      7/8    | 2.45      14.21     16.55     3.62      36.85        36.85     | 808970   0        195899   24570    1403897  | 224    4153958        389540274    -       
16     8      8      8/8    | 2.44      13.87     24.85     3.63      44.80        30.30     | 808970   0        1624366  0        0        | 256    4153958        389540274    -       
16     16     0      0/8    | 1.86      13.22     31.63     3.75      50.48        26.89     | 808970   0        0        220469   1403897  | 1      5004956        389540274    -       
16     16     1      1/8    | 1.85      12.89     31.05     3.67      49.48        27.44     | 808970   0        0        220469   1403897  | 32     5004956        389540274    -       
16     16     2      2/8    | 1.85      13.07     29.95     3.71      48.60        27.94     | 808970   0        120984   99485    1403897  | 64     5004956        389540274    -       
16     16     3      3/8    | 1.84      12.86     29.85     3.69      48.27        28.13     | 808970   0        156893   63576    1403897  | 96     5004956        389540274    -       
16     16     4      4/8    | 1.85      12.91     30.03     3.71      48.53        27.98     | 808970   0        171410   49059    1403897  | 128    5004956        389540274    -       
16     16     5      5/8    | 1.85      12.86     19.40     3.69      37.81        35.90     | 808970   0        174070   46399    1403897  | 160    5004956        389540274    -       
16     16     6      6/8    | 1.84      13.09     19.27     3.73      37.95        35.77     | 808970   0        176790   43679    1403897  | 192    5004956        389540274    -       
16     16     7      7/8    | 1.85      12.75     18.66     3.68      36.96        36.74     | 808970   0        195899   24570    1403897  | 224    5004956        389540274    -       
16     16     8      8/8    | 1.85      12.78     22.00     3.66      40.31        33.68     | 808970   0        1624366  0        0        | 256    5004956        389540274    -       
16     32     0      0/8    | 1.69      14.51     43.77     3.74      63.73        21.30     | 808970   0        0        220469   1403897  | 1      5650694        389540274    -       
16     32     1      1/8    | 1.70      14.92     43.69     3.79      64.11        21.18     | 808970   0        0        220469   1403897  | 32     5650694        389540274    -       
16     32     2      2/8    | 1.68      14.74     41.24     3.75      61.43        22.10     | 808970   0        120984   99485    1403897  | 64     5650694        389540274    -       
16     32     3      3/8    | 1.70      14.92     40.54     3.85      61.01        22.25     | 808970   0        156893   63576    1403897  | 96     5650694        389540274    -       
16     32     4      4/8    | 1.68      14.73     40.13     3.76      60.32        22.51     | 808970   0        171410   49059    1403897  | 128    5650694        389540274    -       
16     32     5      5/8    | 1.69      15.05     40.16     3.79      60.72        22.36     | 808970   0        174070   46399    1403897  | 160    5650694        389540274    -       
16     32     6      6/8    | 1.67      14.62     40.01     3.78      60.10        22.59     | 808970   0        176790   43679    1403897  | 192    5650694        389540274    -       
16     32     7      7/8    | 1.68      14.83     38.28     3.78      58.58        23.18     | 808970   0        195899   24570    1403897  | 224    5650694        389540274    -       
16     32     8      8/8    | 1.69      14.92     20.23     3.78      40.64        33.41     | 808970   0        1624366  0        0        | 256    5650694        389540274    -       
32     8      0      0/8    | 2.32      11.20     32.23     3.58      49.35        27.51     | 468256   0        0        43619    350353   | 1      1346792        389540274    -       
32     8      1      1/8    | 2.32      11.03     32.40     3.54      49.30        27.54     | 468256   0        0        43619    350353   | 128    1346792        389540274    -       
32     8      2      2/8    | 2.31      10.87     31.21     3.61      48.02        28.27     | 468256   0        29422    14197    350353   | 256    1346792        389540274    -       
32     8      3      3/8    | 2.33      11.40     27.36     3.55      44.65        30.40     | 468256   0        31286    12333    350353   | 384    1346792        389540274    -       
32     8      4      4/8    | 2.32      11.19     27.08     3.56      44.16        30.74     | 468256   0        31398    12221    350353   | 512    1346792        389540274    -       
32     8      5      5/8    | 2.32      11.16     27.56     3.53      44.59        30.45     | 468256   0        31718    11901    350353   | 640    1346792        389540274    -       
32     8      6      6/8    | 2.33      11.34     27.02     3.59      44.30        30.65     | 468256   0        31720    11899    350353   | 768    1346792        389540274    -       
32     8      7      7/8    | 2.32      10.99     27.63     3.55      44.51        30.50     | 468256   0        37183    6436     350353   | 896    1346792        389540274    -       
32     8      8      8/8    | 2.32      11.37     40.99     3.61      58.31        23.28     | 468256   0        393972   0        0        | 1024   1346792        389540274    -       
32     16     0      0/8    | 1.61      8.76      34.08     3.60      48.06        28.25     | 468256   0        0        43619    350353   | 1      1497604        389540274    -       
32     16     1      1/8    | 1.61      8.68      34.10     3.60      48.00        28.29     | 468256   0        0        43619    350353   | 128    1497604        389540274    -       
32     16     2      2/8    | 1.62      8.80      31.97     3.63      46.03        29.49     | 468256   0        29422    14197    350353   | 256    1497604        389540274    -       
32     16     3      3/8    | 1.61      8.72      31.67     3.65      45.66        29.74     | 468256   0        31286    12333    350353   | 384    1497604        389540274    -       
32     16     4      4/8    | 1.62      8.81      31.53     3.57      45.54        29.81     | 468256   0        31398    12221    350353   | 512    1497604        389540274    -       
32     16     5      5/8    | 1.62      8.75      31.59     3.63      45.61        29.77     | 468256   0        31718    11901    350353   | 640    1497604        389540274    -       
32     16     6      6/8    | 1.62      8.79      31.52     3.56      45.50        29.84     | 468256   0        31720    11899    350353   | 768    1497604        389540274    -       
32     16     7      7/8    | 1.61      8.63      30.84     3.62      44.71        30.37     | 468256   0        37183    6436     350353   | 896    1497604        389540274    -       
32     16     8      8/8    | 1.61      8.67      24.43     3.60      38.32        35.43     | 468256   0        393972   0        0        | 1024   1497604        389540274    -       
32     32     0      0/8    | 1.37      7.52      54.37     3.59      66.87        20.30     | 468256   0        0        43619    350353   | 1      1532176        389540274    -       
32     32     1      1/8    | 1.35      7.64      54.43     3.60      67.04        20.25     | 468256   0        0        43619    350353   | 128    1532176        389540274    -       
32     32     2      2/8    | 1.35      7.51      50.69     3.55      63.11        21.51     | 468256   0        29422    14197    350353   | 256    1532176        389540274    -       
32     32     3      3/8    | 1.35      7.48      50.47     3.57      62.89        21.59     | 468256   0        31286    12333    350353   | 384    1532176        389540274    -       
32     32     4      4/8    | 1.35      7.40      50.46     3.55      62.78        21.63     | 468256   0        31398    12221    350353   | 512    1532176        389540274    -       
32     32     5      5/8    | 1.34      7.36      50.90     3.56      63.18        21.49     | 468256   0        31718    11901    350353   | 640    1532176        389540274    -       
32     32     6      6/8    | 1.35      7.48      50.37     3.58      62.79        21.62     | 468256   0        31720    11899    350353   | 768    1532176        389540274    -       
32     32     7      7/8    | 1.35      7.53      49.47     3.59      61.96        21.91     | 468256   0        37183    6436     350353   | 896    1532176        389540274    -       
32     32     8      8/8    | 1.35      7.50      22.68     3.60      35.14        38.63     | 468256   0        393972   0        0        | 1024   1532176        389540274    -       
