# Matrix: ca-AstroPh
# Path: /home/stu1/Dataset/training_dataset/10k-50k-0.01-0.1/ca-AstroPh.mtx
# Category: 10k-50k-0.01-0.1
# Date: 2026-03-06 01:55:06
# Configs: 81 (9 tiles x 9 TC thresholds)
# Version: AdaSpGEMM_new
#
# Rows: 18772
# Cols: 18772
# NNZ(A): 396160
# NNZ(C) estimate: 25901092
#
tile_m tile_n tc_frc tc     | step1_ms  step2_ms  step3_ms  malloc    total_ms     gflops    | n_tiny   n_sml    n_lrg    n_dns    n_ful    | th_lrg tiles_C        nnzC         error   
-----------------------------------------------------------------------------------------------------------------------------------------------------------------------------------------
8      8      0      0/8    | 1.35      35.11     45.45     1.10      83.03        0.62      | 3784995  0        0        40844    0        | 1      5425027        9292558      -       
8      8      1      1/8    | 1.36      34.95     45.40     1.09      82.82        0.63      | 3784995  0        0        40844    0        | 8      5425027        9292558      -       
8      8      2      2/8    | 1.36      34.85     44.88     1.09      82.20        0.63      | 3784995  0        40221    623      0        | 16     5425027        9292558      -       
8      8      3      3/8    | 1.36      34.97     44.81     1.02      82.17        0.63      | 3784995  0        40812    32       0        | 24     5425027        9292558      -       
8      8      4      4/8    | 1.36      34.84     45.12     1.04      82.38        0.63      | 3784995  0        40841    3        0        | 32     5425027        9292558      -       
8      8      5      5/8    | 1.36      34.84     44.48     1.05      81.74        0.63      | 3784995  0        40844    0        0        | 40     5425027        9292558      -       
8      8      6      6/8    | 1.36      34.97     44.53     1.05      81.92        0.63      | 3784995  0        40844    0        0        | 48     5425027        9292558      -       
8      8      7      7/8    | 1.36      35.26     44.61     1.11      82.37        0.63      | 3784995  0        40844    0        0        | 56     5425027        9292558      -       
8      8      8      8/8    | 1.36      35.19     44.50     1.10      82.16        0.63      | 3784995  0        40844    0        0        | 64     5425027        9292558      -       
8      16     0      0/8    | 1.50      48.28     86.12     1.08      136.99       0.38      | 3784995  0        0        40844    0        | 1      5493735        9292558      -       
8      16     1      1/8    | 1.49      48.35     86.25     1.06      137.17       0.38      | 3784995  0        0        40844    0        | 8      5493735        9292558      -       
8      16     2      2/8    | 1.51      48.09     85.04     1.11      135.75       0.38      | 3784995  0        40221    623      0        | 16     5493735        9292558      -       
8      16     3      3/8    | 1.48      48.06     84.92     1.06      135.54       0.38      | 3784995  0        40812    32       0        | 24     5493735        9292558      -       
8      16     4      4/8    | 1.49      48.11     85.15     1.04      135.81       0.38      | 3784995  0        40841    3        0        | 32     5493735        9292558      -       
8      16     5      5/8    | 1.49      48.16     85.01     1.04      135.73       0.38      | 3784995  0        40844    0        0        | 40     5493735        9292558      -       
8      16     6      6/8    | 1.48      48.12     84.97     1.09      135.68       0.38      | 3784995  0        40844    0        0        | 48     5493735        9292558      -       
8      16     7      7/8    | 1.48      48.07     85.04     1.06      135.67       0.38      | 3784995  0        40844    0        0        | 56     5493735        9292558      -       
8      16     8      8/8    | 1.48      48.16     85.07     1.07      135.80       0.38      | 3784995  0        40844    0        0        | 64     5493735        9292558      -       
8      32     0      0/8    | 1.88      67.62     143.83    1.13      214.48       0.24      | 3784995  0        0        40844    0        | 1      5506731        9292558      -       
8      32     1      1/8    | 1.88      67.37     143.18    1.10      213.55       0.24      | 3784995  0        0        40844    0        | 8      5506731        9292558      -       
8      32     2      2/8    | 1.88      67.28     143.69    1.10      213.97       0.24      | 3784995  0        40221    623      0        | 16     5506731        9292558      -       
8      32     3      3/8    | 1.88      67.33     142.75    1.09      213.08       0.24      | 3784995  0        40812    32       0        | 24     5506731        9292558      -       
8      32     4      4/8    | 1.87      67.24     143.16    1.09      213.37       0.24      | 3784995  0        40841    3        0        | 32     5506731        9292558      -       
8      32     5      5/8    | 1.87      67.12     142.69    1.10      212.81       0.24      | 3784995  0        40844    0        0        | 40     5506731        9292558      -       
8      32     6      6/8    | 1.88      67.13     142.69    1.12      212.84       0.24      | 3784995  0        40844    0        0        | 48     5506731        9292558      -       
8      32     7      7/8    | 1.90      67.43     142.88    1.10      213.32       0.24      | 3784995  0        40844    0        0        | 56     5506731        9292558      -       
8      32     8      8/8    | 1.88      67.43     142.47    1.13      212.94       0.24      | 3784995  0        40844    0        0        | 64     5506731        9292558      -       
16     8      0      0/8    | 1.79      36.58     70.92     0.93      110.25       0.47      | 1341788  0        0        1718     0        | 1      1378260        9292558      -       
16     8      1      1/8    | 1.79      36.88     71.48     0.95      111.12       0.47      | 1341788  0        0        1718     0        | 32     1378260        9292558      -       
16     8      2      2/8    | 1.79      36.47     71.08     0.94      110.29       0.47      | 1341788  0        1697     21       0        | 64     1378260        9292558      -       
16     8      3      3/8    | 1.78      36.52     71.07     0.93      110.33       0.47      | 1341788  0        1717     1        0        | 96     1378260        9292558      -       
16     8      4      4/8    | 1.79      36.55     71.39     0.91      110.66       0.47      | 1341788  0        1718     0        0        | 128    1378260        9292558      -       
16     8      5      5/8    | 1.78      36.34     71.17     0.90      110.21       0.47      | 1341788  0        1718     0        0        | 160    1378260        9292558      -       
16     8      6      6/8    | 1.78      36.48     71.37     0.93      110.57       0.47      | 1341788  0        1718     0        0        | 192    1378260        9292558      -       
16     8      7      7/8    | 1.80      36.93     71.39     0.96      111.09       0.47      | 1341788  0        1718     0        0        | 224    1378260        9292558      -       
16     8      8      8/8    | 1.79      36.46     71.12     0.93      110.32       0.47      | 1341788  0        1718     0        0        | 256    1378260        9292558      -       
16     16     0      0/8    | 1.79      41.61     86.31     0.91      130.65       0.40      | 1341788  0        0        1718     0        | 1      1378276        9292558      -       
16     16     1      1/8    | 1.79      41.73     86.11     0.96      130.61       0.40      | 1341788  0        0        1718     0        | 32     1378276        9292558      -       
16     16     2      2/8    | 1.79      41.62     86.30     0.91      130.65       0.40      | 1341788  0        1697     21       0        | 64     1378276        9292558      -       
16     16     3      3/8    | 1.79      41.56     85.91     0.93      130.21       0.40      | 1341788  0        1717     1        0        | 96     1378276        9292558      -       
16     16     4      4/8    | 1.79      41.56     86.48     0.94      130.79       0.40      | 1341788  0        1718     0        0        | 128    1378276        9292558      -       
16     16     5      5/8    | 1.80      41.58     86.38     0.95      130.72       0.40      | 1341788  0        1718     0        0        | 160    1378276        9292558      -       
16     16     6      6/8    | 1.80      41.62     86.32     1.02      130.77       0.40      | 1341788  0        1718     0        0        | 192    1378276        9292558      -       
16     16     7      7/8    | 1.79      41.66     86.15     0.94      130.55       0.40      | 1341788  0        1718     0        0        | 224    1378276        9292558      -       
16     16     8      8/8    | 1.79      41.51     86.67     0.92      130.91       0.40      | 1341788  0        1718     0        0        | 256    1378276        9292558      -       
16     32     0      0/8    | 1.84      43.68     91.10     0.94      137.58       0.38      | 1341788  0        0        1718     0        | 1      1378276        9292558      -       
16     32     1      1/8    | 1.84      43.58     91.72     0.93      138.09       0.38      | 1341788  0        0        1718     0        | 32     1378276        9292558      -       
16     32     2      2/8    | 1.85      43.85     91.31     0.99      138.03       0.38      | 1341788  0        1697     21       0        | 64     1378276        9292558      -       
16     32     3      3/8    | 1.85      43.81     91.69     0.96      138.33       0.37      | 1341788  0        1717     1        0        | 96     1378276        9292558      -       
16     32     4      4/8    | 1.86      43.65     91.48     0.98      137.98       0.38      | 1341788  0        1718     0        0        | 128    1378276        9292558      -       
16     32     5      5/8    | 1.85      43.75     91.72     0.96      138.29       0.37      | 1341788  0        1718     0        0        | 160    1378276        9292558      -       
16     32     6      6/8    | 1.85      43.59     91.62     0.93      138.01       0.38      | 1341788  0        1718     0        0        | 192    1378276        9292558      -       
16     32     7      7/8    | 1.84      43.60     91.36     0.96      137.79       0.38      | 1341788  0        1718     0        0        | 224    1378276        9292558      -       
16     32     8      8/8    | 1.86      43.65     91.51     0.97      138.00       0.38      | 1341788  0        1718     0        0        | 256    1378276        9292558      -       
32     8      0      0/8    | 2.13      25.09     42.72     0.90      70.86        0.73      | 344505   0        0        60       0        | 1      344569         9292558      -       
32     8      1      1/8    | 2.13      25.18     42.58     0.88      70.79        0.73      | 344505   0        0        60       0        | 128    344569         9292558      -       
32     8      2      2/8    | 2.12      25.11     41.80     0.92      69.96        0.74      | 344505   0        59       1        0        | 256    344569         9292558      -       
32     8      3      3/8    | 2.13      25.03     41.83     0.89      69.89        0.74      | 344505   0        60       0        0        | 384    344569         9292558      -       
32     8      4      4/8    | 2.12      24.97     41.71     0.88      69.69        0.74      | 344505   0        60       0        0        | 512    344569         9292558      -       
32     8      5      5/8    | 2.12      25.02     41.68     0.87      69.71        0.74      | 344505   0        60       0        0        | 640    344569         9292558      -       
32     8      6      6/8    | 2.12      25.11     41.88     0.85      69.97        0.74      | 344505   0        60       0        0        | 768    344569         9292558      -       
32     8      7      7/8    | 2.13      24.89     41.81     0.94      69.79        0.74      | 344505   0        60       0        0        | 896    344569         9292558      -       
32     8      8      8/8    | 2.13      25.07     41.83     0.90      69.94        0.74      | 344505   0        60       0        0        | 1024   344569         9292558      -       
32     16     0      0/8    | 1.95      25.02     41.18     0.85      69.01        0.75      | 344505   0        0        60       0        | 1      344569         9292558      -       
32     16     1      1/8    | 1.94      24.68     41.03     0.87      68.53        0.76      | 344505   0        0        60       0        | 128    344569         9292558      -       
32     16     2      2/8    | 1.96      24.98     40.52     0.91      68.39        0.76      | 344505   0        59       1        0        | 256    344569         9292558      -       
32     16     3      3/8    | 1.96      24.87     40.46     0.90      68.21        0.76      | 344505   0        60       0        0        | 384    344569         9292558      -       
32     16     4      4/8    | 1.95      24.89     40.72     0.90      68.48        0.76      | 344505   0        60       0        0        | 512    344569         9292558      -       
32     16     5      5/8    | 1.96      24.81     40.50     0.90      68.19        0.76      | 344505   0        60       0        0        | 640    344569         9292558      -       
32     16     6      6/8    | 1.95      24.80     40.58     0.88      68.21        0.76      | 344505   0        60       0        0        | 768    344569         9292558      -       
32     16     7      7/8    | 1.95      24.89     40.58     0.89      68.31        0.76      | 344505   0        60       0        0        | 896    344569         9292558      -       
32     16     8      8/8    | 1.96      24.88     41.05     0.89      68.80        0.75      | 344505   0        60       0        0        | 1024   344569         9292558      -       
32     32     0      0/8    | 1.73      22.95     38.08     0.91      63.69        0.81      | 344505   0        0        60       0        | 1      344569         9292558      -       
32     32     1      1/8    | 1.73      23.03     38.09     0.92      63.78        0.81      | 344505   0        0        60       0        | 128    344569         9292558      -       
32     32     2      2/8    | 1.73      22.96     38.06     0.90      63.66        0.81      | 344505   0        59       1        0        | 256    344569         9292558      -       
32     32     3      3/8    | 1.73      23.00     38.03     0.92      63.69        0.81      | 344505   0        60       0        0        | 384    344569         9292558      -       
32     32     4      4/8    | 1.73      23.00     37.90     0.91      63.54        0.82      | 344505   0        60       0        0        | 512    344569         9292558      -       
32     32     5      5/8    | 1.72      23.01     37.99     0.88      63.62        0.81      | 344505   0        60       0        0        | 640    344569         9292558      -       
32     32     6      6/8    | 1.72      22.91     37.85     0.88      63.37        0.82      | 344505   0        60       0        0        | 768    344569         9292558      -       
32     32     7      7/8    | 1.72      23.10     38.02     0.87      63.73        0.81      | 344505   0        60       0        0        | 896    344569         9292558      -       
32     32     8      8/8    | 1.72      22.91     38.04     0.88      63.57        0.81      | 344505   0        60       0        0        | 1024   344569         9292558      -       
