# Matrix: coater1
# Path: /home/stu1/Dataset/training_dataset/1k-10k-0.01-0.1/coater1.mtx
# Category: 1k-10k-0.01-0.1
# Date: 2026-03-06 10:14:04
# Configs: 81 (9 tiles x 9 TC thresholds)
# Version: AdaSpGEMM_new
#
# Rows: 1348
# Cols: 1348
# NNZ(A): 19457
# NNZ(C) estimate: 330910
#
tile_m tile_n tc_frc tc     | step1_ms  step2_ms  step3_ms  malloc    total_ms     gflops    | n_tiny   n_sml    n_lrg    n_dns    n_ful    | th_lrg tiles_C        nnzC         error   
-----------------------------------------------------------------------------------------------------------------------------------------------------------------------------------------
8      8      0      0/8    | 0.12      0.20      0.10      0.11      0.54         1.22      | 1869     0        0        4805     0        | 1      7811           130920       -       
8      8      1      1/8    | 0.10      0.20      0.10      0.11      0.53         1.26      | 1869     0        0        4805     0        | 8      7811           130920       -       
8      8      2      2/8    | 0.09      0.20      0.10      0.11      0.50         1.32      | 1869     0        1357     3448     0        | 16     7811           130920       -       
8      8      3      3/8    | 0.09      0.19      0.09      0.10      0.48         1.38      | 1869     0        2590     2215     0        | 24     7811           130920       -       
8      8      4      4/8    | 0.09      0.20      0.09      0.10      0.49         1.36      | 1869     0        3369     1436     0        | 32     7811           130920       -       
8      8      5      5/8    | 0.09      0.19      0.10      0.11      0.50         1.32      | 1869     0        4111     694      0        | 40     7811           130920       -       
8      8      6      6/8    | 0.10      0.20      0.09      0.12      0.52         1.28      | 1869     0        4693     112      0        | 48     7811           130920       -       
8      8      7      7/8    | 0.09      0.19      0.08      0.10      0.48         1.39      | 1869     0        4805     0        0        | 56     7811           130920       -       
8      8      8      8/8    | 0.12      0.20      0.08      0.11      0.52         1.26      | 1869     0        4805     0        0        | 64     7811           130920       -       
8      16     0      0/8    | 0.10      0.17      0.09      0.11      0.49         1.36      | 1869     0        0        4805     0        | 1      8382           130920       -       
8      16     1      1/8    | 0.10      0.17      0.08      0.11      0.47         1.42      | 1869     0        0        4805     0        | 8      8382           130920       -       
8      16     2      2/8    | 0.10      0.17      0.08      0.10      0.47         1.42      | 1869     0        1357     3448     0        | 16     8382           130920       -       
8      16     3      3/8    | 0.10      0.17      0.08      0.11      0.47         1.42      | 1869     0        2590     2215     0        | 24     8382           130920       -       
8      16     4      4/8    | 0.11      0.17      0.08      0.11      0.48         1.37      | 1869     0        3369     1436     0        | 32     8382           130920       -       
8      16     5      5/8    | 0.10      0.17      0.08      0.11      0.47         1.42      | 1869     0        4111     694      0        | 40     8382           130920       -       
8      16     6      6/8    | 0.09      0.17      0.08      0.10      0.44         1.51      | 1869     0        4693     112      0        | 48     8382           130920       -       
8      16     7      7/8    | 0.09      0.17      0.06      0.10      0.42         1.56      | 1869     0        4805     0        0        | 56     8382           130920       -       
8      16     8      8/8    | 0.11      0.17      0.07      0.11      0.48         1.39      | 1869     0        4805     0        0        | 64     8382           130920       -       
8      32     0      0/8    | 0.10      0.15      0.13      0.20      0.59         1.13      | 1869     0        0        4805     0        | 1      9103           130920       -       
8      32     1      1/8    | 0.09      0.16      0.22      0.19      0.67         0.98      | 1869     0        0        4805     0        | 8      9103           130920       -       
8      32     2      2/8    | 0.09      0.14      0.11      0.19      0.54         1.22      | 1869     0        1357     3448     0        | 16     9103           130920       -       
8      32     3      3/8    | 0.10      0.15      0.11      0.20      0.56         1.18      | 1869     0        2590     2215     0        | 24     9103           130920       -       
8      32     4      4/8    | 0.11      0.16      0.11      0.21      0.60         1.11      | 1869     0        3369     1436     0        | 32     9103           130920       -       
8      32     5      5/8    | 0.10      0.15      0.11      0.21      0.58         1.14      | 1869     0        4111     694      0        | 40     9103           130920       -       
8      32     6      6/8    | 0.10      0.15      0.11      0.21      0.57         1.15      | 1869     0        4693     112      0        | 48     9103           130920       -       
8      32     7      7/8    | 0.11      0.15      0.07      0.22      0.56         1.19      | 1869     0        4805     0        0        | 56     9103           130920       -       
8      32     8      8/8    | 0.10      0.14      0.06      0.19      0.50         1.33      | 1869     0        4805     0        0        | 64     9103           130920       -       
16     8      0      0/8    | 0.10      0.20      0.13      0.11      0.54         1.24      | 813      0        0        1313     0        | 1      2398           130920       -       
16     8      1      1/8    | 0.10      0.21      0.14      0.10      0.56         1.19      | 813      0        0        1313     0        | 32     2398           130920       -       
16     8      2      2/8    | 0.10      0.21      0.14      0.11      0.57         1.16      | 813      0        468      845      0        | 64     2398           130920       -       
16     8      3      3/8    | 0.09      0.21      0.13      0.10      0.54         1.23      | 813      0        774      539      0        | 96     2398           130920       -       
16     8      4      4/8    | 0.19      0.25      0.15      0.23      0.84         0.79      | 813      0        1037     276      0        | 128    2398           130920       -       
16     8      5      5/8    | 0.10      0.21      0.14      0.11      0.57         1.16      | 813      0        1225     88       0        | 160    2398           130920       -       
16     8      6      6/8    | 0.09      0.20      0.14      0.10      0.54         1.24      | 813      0        1313     0        0        | 192    2398           130920       -       
16     8      7      7/8    | 0.09      0.20      0.14      0.10      0.54         1.23      | 813      0        1313     0        0        | 224    2398           130920       -       
16     8      8      8/8    | 0.09      0.21      0.20      0.10      0.61         1.09      | 813      0        1313     0        0        | 256    2398           130920       -       
16     16     0      0/8    | 0.11      0.18      0.12      0.12      0.54         1.23      | 813      0        0        1313     0        | 1      2516           130920       -       
16     16     1      1/8    | 0.10      0.18      0.12      0.12      0.53         1.25      | 813      0        0        1313     0        | 32     2516           130920       -       
16     16     2      2/8    | 0.11      0.18      0.13      0.10      0.53         1.26      | 813      0        468      845      0        | 64     2516           130920       -       
16     16     3      3/8    | 0.09      0.17      0.14      0.10      0.52         1.29      | 813      0        774      539      0        | 96     2516           130920       -       
16     16     4      4/8    | 0.10      0.18      0.15      0.10      0.54         1.22      | 813      0        1037     276      0        | 128    2516           130920       -       
16     16     5      5/8    | 0.11      0.19      0.16      0.11      0.57         1.16      | 813      0        1225     88       0        | 160    2516           130920       -       
16     16     6      6/8    | 0.11      0.18      0.10      0.11      0.51         1.29      | 813      0        1313     0        0        | 192    2516           130920       -       
16     16     7      7/8    | 0.10      0.18      0.10      0.10      0.49         1.36      | 813      0        1313     0        0        | 224    2516           130920       -       
16     16     8      8/8    | 0.10      0.18      0.09      0.11      0.49         1.35      | 813      0        1313     0        0        | 256    2516           130920       -       
16     32     0      0/8    | 0.10      0.15      0.17      0.10      0.53         1.24      | 813      0        0        1313     0        | 1      2699           130920       -       
16     32     1      1/8    | 0.11      0.16      0.17      0.11      0.56         1.18      | 813      0        0        1313     0        | 32     2699           130920       -       
16     32     2      2/8    | 0.09      0.15      0.17      0.11      0.52         1.26      | 813      0        468      845      0        | 64     2699           130920       -       
16     32     3      3/8    | 0.08      0.15      0.20      0.10      0.54         1.23      | 813      0        774      539      0        | 96     2699           130920       -       
16     32     4      4/8    | 0.09      0.15      0.20      0.10      0.54         1.22      | 813      0        1037     276      0        | 128    2699           130920       -       
16     32     5      5/8    | 0.09      0.15      0.22      0.10      0.56         1.18      | 813      0        1225     88       0        | 160    2699           130920       -       
16     32     6      6/8    | 0.11      0.15      0.10      0.11      0.48         1.36      | 813      0        1313     0        0        | 192    2699           130920       -       
16     32     7      7/8    | 0.09      0.15      0.10      0.10      0.46         1.45      | 813      0        1313     0        0        | 224    2699           130920       -       
16     32     8      8/8    | 0.09      0.16      0.09      0.10      0.44         1.51      | 813      0        1313     0        0        | 256    2699           130920       -       
32     8      0      0/8    | 0.09      0.24      0.24      0.09      0.67         0.99      | 338      0        0        344      0        | 1      738            130920       -       
32     8      1      1/8    | 0.12      0.24      0.25      0.12      0.75         0.88      | 338      0        0        344      0        | 128    738            130920       -       
32     8      2      2/8    | 0.10      0.24      0.30      0.10      0.75         0.88      | 338      0        118      226      0        | 256    738            130920       -       
32     8      3      3/8    | 0.09      0.23      0.32      0.09      0.75         0.88      | 338      0        225      119      0        | 384    738            130920       -       
32     8      4      4/8    | 0.11      0.24      0.35      0.10      0.81         0.81      | 338      0        299      45       0        | 512    738            130920       -       
32     8      5      5/8    | 0.10      0.24      0.41      0.11      0.87         0.76      | 338      0        330      14       0        | 640    738            130920       -       
32     8      6      6/8    | 0.10      0.25      0.28      0.10      0.74         0.90      | 338      0        344      0        0        | 768    738            130920       -       
32     8      7      7/8    | 0.10      0.24      0.28      0.09      0.72         0.92      | 338      0        344      0        0        | 896    738            130920       -       
32     8      8      8/8    | 0.11      0.24      0.27      0.10      0.72         0.92      | 338      0        344      0        0        | 1024   738            130920       -       
32     16     0      0/8    | 0.10      0.18      0.25      0.10      0.64         1.04      | 338      0        0        344      0        | 1      756            130920       -       
32     16     1      1/8    | 0.09      0.18      0.25      0.10      0.63         1.06      | 338      0        0        344      0        | 128    756            130920       -       
32     16     2      2/8    | 0.10      0.18      0.26      0.10      0.64         1.03      | 338      0        118      226      0        | 256    756            130920       -       
32     16     3      3/8    | 0.10      0.18      0.30      0.10      0.69         0.96      | 338      0        225      119      0        | 384    756            130920       -       
32     16     4      4/8    | 0.09      0.17      0.37      0.10      0.74         0.90      | 338      0        299      45       0        | 512    756            130920       -       
32     16     5      5/8    | 0.09      0.18      0.36      0.10      0.73         0.91      | 338      0        330      14       0        | 640    756            130920       -       
32     16     6      6/8    | 0.09      0.18      0.20      0.10      0.57         1.17      | 338      0        344      0        0        | 768    756            130920       -       
32     16     7      7/8    | 0.09      0.17      0.20      0.10      0.57         1.15      | 338      0        344      0        0        | 896    756            130920       -       
32     16     8      8/8    | 0.09      0.18      0.20      0.09      0.58         1.15      | 338      0        344      0        0        | 1024   756            130920       -       
32     32     0      0/8    | 0.09      0.16      0.17      0.10      0.52         1.28      | 338      0        0        344      0        | 1      775            130920       -       
32     32     1      1/8    | 0.11      0.17      0.18      0.12      0.58         1.14      | 338      0        0        344      0        | 128    775            130920       -       
32     32     2      2/8    | 0.09      0.16      0.20      0.10      0.55         1.20      | 338      0        118      226      0        | 256    775            130920       -       
32     32     3      3/8    | 0.12      0.17      0.22      0.11      0.62         1.07      | 338      0        225      119      0        | 384    775            130920       -       
32     32     4      4/8    | 0.09      0.16      0.20      0.10      0.56         1.18      | 338      0        299      45       0        | 512    775            130920       -       
32     32     5      5/8    | 0.10      0.16      0.25      0.10      0.61         1.08      | 338      0        330      14       0        | 640    775            130920       -       
32     32     6      6/8    | 0.10      0.16      0.19      0.10      0.56         1.19      | 338      0        344      0        0        | 768    775            130920       -       
32     32     7      7/8    | 0.09      0.16      0.18      0.10      0.53         1.24      | 338      0        344      0        0        | 896    775            130920       -       
32     32     8      8/8    | 0.09      0.16      0.18      0.10      0.53         1.25      | 338      0        344      0        0        | 1024   775            130920       -       
