# Matrix: jagmesh5
# Path: /home/stu1/Dataset/training_dataset/1k-10k-0.001-0.01/jagmesh5.mtx
# Category: 1k-10k-0.001-0.01
# Date: 2026-03-06 09:18:58
# Configs: 81 (9 tiles x 9 TC thresholds)
# Version: AdaSpGEMM_new
#
# Rows: 1180
# Cols: 1180
# NNZ(A): 7750
# NNZ(C) estimate: 51742
#
tile_m tile_n tc_frc tc     | step1_ms  step2_ms  step3_ms  malloc    total_ms     gflops    | n_tiny   n_sml    n_lrg    n_dns    n_ful    | th_lrg tiles_C        nnzC         error   
-----------------------------------------------------------------------------------------------------------------------------------------------------------------------------------------
8      8      0      0/8    | 0.09      0.12      0.05      0.10      0.37         0.28      | 906      0        0        728      0        | 1      2872           19900        -       
8      8      1      1/8    | 0.09      0.12      0.05      0.10      0.36         0.29      | 906      0        0        728      0        | 8      2872           19900        -       
8      8      2      2/8    | 0.09      0.12      0.05      0.10      0.36         0.28      | 906      0        289      439      0        | 16     2872           19900        -       
8      8      3      3/8    | 0.14      0.13      0.07      0.14      0.49         0.21      | 906      0        431      297      0        | 24     2872           19900        -       
8      8      4      4/8    | 0.10      0.12      0.07      0.11      0.40         0.26      | 906      0        559      169      0        | 32     2872           19900        -       
8      8      5      5/8    | 0.11      0.12      0.06      0.11      0.41         0.25      | 906      0        683      45       0        | 40     2872           19900        -       
8      8      6      6/8    | 0.16      0.16      0.07      0.21      0.61         0.17      | 906      0        706      22       0        | 48     2872           19900        -       
8      8      7      7/8    | 0.09      0.12      0.05      0.10      0.36         0.28      | 906      0        725      3        0        | 56     2872           19900        -       
8      8      8      8/8    | 0.11      0.12      0.05      0.11      0.40         0.26      | 906      0        728      0        0        | 64     2872           19900        -       
8      16     0      0/8    | 0.10      0.10      0.04      0.10      0.35         0.29      | 906      0        0        728      0        | 1      3448           19900        -       
8      16     1      1/8    | 0.10      0.10      0.04      0.11      0.36         0.29      | 906      0        0        728      0        | 8      3448           19900        -       
8      16     2      2/8    | 0.10      0.09      0.05      0.10      0.35         0.30      | 906      0        289      439      0        | 16     3448           19900        -       
8      16     3      3/8    | 0.11      0.11      0.07      0.12      0.42         0.25      | 906      0        431      297      0        | 24     3448           19900        -       
8      16     4      4/8    | 0.11      0.11      0.06      0.11      0.40         0.26      | 906      0        559      169      0        | 32     3448           19900        -       
8      16     5      5/8    | 0.17      0.14      0.07      0.22      0.61         0.17      | 906      0        683      45       0        | 40     3448           19900        -       
8      16     6      6/8    | 0.08      0.09      0.04      0.10      0.33         0.32      | 906      0        706      22       0        | 48     3448           19900        -       
8      16     7      7/8    | 0.11      0.10      0.05      0.11      0.37         0.28      | 906      0        725      3        0        | 56     3448           19900        -       
8      16     8      8/8    | 0.10      0.10      0.04      0.11      0.35         0.29      | 906      0        728      0        0        | 64     3448           19900        -       
8      32     0      0/8    | 0.08      0.09      0.06      0.10      0.34         0.30      | 906      0        0        728      0        | 1      3874           19900        -       
8      32     1      1/8    | 0.11      0.09      0.06      0.11      0.38         0.27      | 906      0        0        728      0        | 8      3874           19900        -       
8      32     2      2/8    | 0.10      0.10      0.07      0.10      0.37         0.28      | 906      0        289      439      0        | 16     3874           19900        -       
8      32     3      3/8    | 0.10      0.10      0.08      0.11      0.39         0.27      | 906      0        431      297      0        | 24     3874           19900        -       
8      32     4      4/8    | 0.09      0.10      0.07      0.12      0.40         0.26      | 906      0        559      169      0        | 32     3874           19900        -       
8      32     5      5/8    | 0.11      0.09      0.07      0.11      0.39         0.27      | 906      0        683      45       0        | 40     3874           19900        -       
8      32     6      6/8    | 0.10      0.10      0.06      0.10      0.37         0.28      | 906      0        706      22       0        | 48     3874           19900        -       
8      32     7      7/8    | 0.09      0.09      0.04      0.10      0.34         0.31      | 906      0        725      3        0        | 56     3874           19900        -       
8      32     8      8/8    | 0.11      0.09      0.04      0.11      0.36         0.29      | 906      0        728      0        0        | 64     3874           19900        -       
16     8      0      0/8    | 0.09      0.14      0.07      0.09      0.41         0.26      | 518      0        0        190      0        | 1      1006           19900        -       
16     8      1      1/8    | 0.09      0.14      0.07      0.09      0.41         0.25      | 518      0        0        190      0        | 32     1006           19900        -       
16     8      2      2/8    | 0.10      0.14      0.08      0.10      0.42         0.25      | 518      0        110      80       0        | 64     1006           19900        -       
16     8      3      3/8    | 0.10      0.14      0.07      0.10      0.41         0.25      | 518      0        149      41       0        | 96     1006           19900        -       
16     8      4      4/8    | 0.10      0.14      0.07      0.10      0.42         0.24      | 518      0        162      28       0        | 128    1006           19900        -       
16     8      5      5/8    | 0.09      0.13      0.07      0.11      0.41         0.25      | 518      0        187      3        0        | 160    1006           19900        -       
16     8      6      6/8    | 0.11      0.13      0.07      0.10      0.42         0.24      | 518      0        190      0        0        | 192    1006           19900        -       
16     8      7      7/8    | 0.10      0.14      0.07      0.09      0.41         0.25      | 518      0        190      0        0        | 224    1006           19900        -       
16     8      8      8/8    | 0.12      0.14      0.07      0.12      0.47         0.22      | 518      0        190      0        0        | 256    1006           19900        -       
16     16     0      0/8    | 0.09      0.13      0.09      0.11      0.42         0.25      | 518      0        0        190      0        | 1      1214           19900        -       
16     16     1      1/8    | 0.10      0.14      0.09      0.10      0.44         0.24      | 518      0        0        190      0        | 32     1214           19900        -       
16     16     2      2/8    | 0.11      0.13      0.09      0.11      0.45         0.23      | 518      0        110      80       0        | 64     1214           19900        -       
16     16     3      3/8    | 0.10      0.13      0.09      0.11      0.43         0.24      | 518      0        149      41       0        | 96     1214           19900        -       
16     16     4      4/8    | 0.18      0.17      0.09      0.23      0.69         0.15      | 518      0        162      28       0        | 128    1214           19900        -       
16     16     5      5/8    | 0.09      0.13      0.06      0.11      0.39         0.26      | 518      0        187      3        0        | 160    1214           19900        -       
16     16     6      6/8    | 0.10      0.13      0.06      0.10      0.40         0.26      | 518      0        190      0        0        | 192    1214           19900        -       
16     16     7      7/8    | 0.09      0.13      0.06      0.10      0.38         0.27      | 518      0        190      0        0        | 224    1214           19900        -       
16     16     8      8/8    | 0.09      0.13      0.06      0.10      0.39         0.27      | 518      0        190      0        0        | 256    1214           19900        -       
16     32     0      0/8    | 0.08      0.11      0.12      0.10      0.42         0.25      | 518      0        0        190      0        | 1      1302           19900        -       
16     32     1      1/8    | 0.08      0.11      0.13      0.10      0.42         0.25      | 518      0        0        190      0        | 32     1302           19900        -       
16     32     2      2/8    | 0.08      0.10      0.13      0.10      0.42         0.24      | 518      0        110      80       0        | 64     1302           19900        -       
16     32     3      3/8    | 0.08      0.10      0.12      0.10      0.41         0.25      | 518      0        149      41       0        | 96     1302           19900        -       
16     32     4      4/8    | 0.12      0.12      0.12      0.12      0.49         0.21      | 518      0        162      28       0        | 128    1302           19900        -       
16     32     5      5/8    | 0.10      0.11      0.07      0.11      0.40         0.26      | 518      0        187      3        0        | 160    1302           19900        -       
16     32     6      6/8    | 0.10      0.11      0.05      0.10      0.36         0.29      | 518      0        190      0        0        | 192    1302           19900        -       
16     32     7      7/8    | 0.10      0.11      0.05      0.10      0.36         0.29      | 518      0        190      0        0        | 224    1302           19900        -       
16     32     8      8/8    | 0.09      0.11      0.05      0.10      0.38         0.28      | 518      0        190      0        0        | 256    1302           19900        -       
32     8      0      0/8    | 0.09      0.15      0.18      0.10      0.53         0.20      | 234      0        0        41       0        | 1      335            19900        -       
32     8      1      1/8    | 0.08      0.15      0.17      0.09      0.50         0.21      | 234      0        0        41       0        | 128    335            19900        -       
32     8      2      2/8    | 0.11      0.16      0.18      0.10      0.56         0.19      | 234      0        17       24       0        | 256    335            19900        -       
32     8      3      3/8    | 0.09      0.15      0.11      0.09      0.44         0.24      | 234      0        39       2        0        | 384    335            19900        -       
32     8      4      4/8    | 0.10      0.15      0.11      0.09      0.46         0.23      | 234      0        41       0        0        | 512    335            19900        -       
32     8      5      5/8    | 0.10      0.15      0.11      0.10      0.47         0.22      | 234      0        41       0        0        | 640    335            19900        -       
32     8      6      6/8    | 0.09      0.15      0.12      0.09      0.46         0.23      | 234      0        41       0        0        | 768    335            19900        -       
32     8      7      7/8    | 0.12      0.15      0.11      0.10      0.49         0.21      | 234      0        41       0        0        | 896    335            19900        -       
32     8      8      8/8    | 0.11      0.15      0.12      0.10      0.50         0.21      | 234      0        41       0        0        | 1024   335            19900        -       
32     16     0      0/8    | 0.10      0.15      0.19      0.10      0.55         0.19      | 234      0        0        41       0        | 1      405            19900        -       
32     16     1      1/8    | 0.10      0.14      0.19      0.10      0.53         0.19      | 234      0        0        41       0        | 128    405            19900        -       
32     16     2      2/8    | 0.10      0.14      0.16      0.10      0.51         0.20      | 234      0        17       24       0        | 256    405            19900        -       
32     16     3      3/8    | 0.11      0.15      0.10      0.11      0.47         0.22      | 234      0        39       2        0        | 384    405            19900        -       
32     16     4      4/8    | 0.11      0.15      0.09      0.12      0.49         0.21      | 234      0        41       0        0        | 512    405            19900        -       
32     16     5      5/8    | 0.09      0.14      0.09      0.10      0.44         0.24      | 234      0        41       0        0        | 640    405            19900        -       
32     16     6      6/8    | 0.09      0.15      0.09      0.10      0.44         0.24      | 234      0        41       0        0        | 768    405            19900        -       
32     16     7      7/8    | 0.11      0.15      0.10      0.10      0.46         0.23      | 234      0        41       0        0        | 896    405            19900        -       
32     16     8      8/8    | 0.09      0.15      0.09      0.10      0.43         0.24      | 234      0        41       0        0        | 1024   405            19900        -       
32     32     0      0/8    | 0.11      0.13      0.12      0.10      0.47         0.22      | 234      0        0        41       0        | 1      431            19900        -       
32     32     1      1/8    | 0.09      0.12      0.12      0.10      0.45         0.23      | 234      0        0        41       0        | 128    431            19900        -       
32     32     2      2/8    | 0.09      0.12      0.10      0.10      0.42         0.24      | 234      0        17       24       0        | 256    431            19900        -       
32     32     3      3/8    | 0.09      0.12      0.08      0.10      0.40         0.26      | 234      0        39       2        0        | 384    431            19900        -       
32     32     4      4/8    | 0.09      0.12      0.08      0.10      0.40         0.26      | 234      0        41       0        0        | 512    431            19900        -       
32     32     5      5/8    | 0.10      0.12      0.08      0.10      0.41         0.25      | 234      0        41       0        0        | 640    431            19900        -       
32     32     6      6/8    | 0.08      0.12      0.07      0.10      0.37         0.28      | 234      0        41       0        0        | 768    431            19900        -       
32     32     7      7/8    | 0.09      0.12      0.08      0.09      0.38         0.27      | 234      0        41       0        0        | 896    431            19900        -       
32     32     8      8/8    | 0.08      0.12      0.08      0.10      0.38         0.27      | 234      0        41       0        0        | 1024   431            19900        -       
