# Matrix: G29
# Path: /home/stu1/Dataset/training_dataset/1k-10k-0.01-0.1/G29.mtx
# Category: 1k-10k-0.01-0.1
# Date: 2026-03-06 10:37:13
# Configs: 81 (9 tiles x 9 TC thresholds)
# Version: AdaSpGEMM_new
#
# Rows: 2000
# Cols: 2000
# NNZ(A): 39980
# NNZ(C) estimate: 840402
#
tile_m tile_n tc_frc tc     | step1_ms  step2_ms  step3_ms  malloc    total_ms     gflops    | n_tiny   n_sml    n_lrg    n_dns    n_ful    | th_lrg tiles_C        nnzC         error   
-----------------------------------------------------------------------------------------------------------------------------------------------------------------------------------------
8      8      0      0/8    | 0.28      1.40      2.14      0.30      4.12         0.41      | 10760    0        0        51738    0        | 1      62500          727070       -       
8      8      1      1/8    | 0.27      1.39      2.14      0.27      4.08         0.41      | 10760    0        0        51738    0        | 8      62500          727070       -       
8      8      2      2/8    | 0.27      1.39      1.78      0.27      3.72         0.45      | 10760    0        47114    4624     0        | 16     62500          727070       -       
8      8      3      3/8    | 0.27      1.39      1.80      0.29      3.76         0.45      | 10760    0        51712    26       0        | 24     62500          727070       -       
8      8      4      4/8    | 0.27      1.39      1.89      0.29      3.85         0.44      | 10760    0        51737    1        0        | 32     62500          727070       -       
8      8      5      5/8    | 0.27      1.40      1.77      0.29      3.74         0.45      | 10760    0        51738    0        0        | 40     62500          727070       -       
8      8      6      6/8    | 0.27      1.38      1.75      0.28      3.69         0.46      | 10760    0        51738    0        0        | 48     62500          727070       -       
8      8      7      7/8    | 0.28      1.41      1.76      0.31      3.77         0.45      | 10760    0        51738    0        0        | 56     62500          727070       -       
8      8      8      8/8    | 0.27      1.40      1.76      0.30      3.75         0.45      | 10760    0        51738    0        0        | 64     62500          727070       -       
8      16     0      0/8    | 0.20      1.27      2.05      0.30      3.83         0.44      | 10760    0        0        51738    0        | 1      62500          727070       -       
8      16     1      1/8    | 0.20      1.26      2.06      0.31      3.84         0.44      | 10760    0        0        51738    0        | 8      62500          727070       -       
8      16     2      2/8    | 0.20      1.28      1.62      0.30      3.42         0.49      | 10760    0        47114    4624     0        | 16     62500          727070       -       
8      16     3      3/8    | 0.19      1.28      1.62      0.27      3.37         0.50      | 10760    0        51712    26       0        | 24     62500          727070       -       
8      16     4      4/8    | 0.21      1.29      1.73      0.31      3.55         0.47      | 10760    0        51737    1        0        | 32     62500          727070       -       
8      16     5      5/8    | 0.20      1.29      1.60      0.29      3.39         0.50      | 10760    0        51738    0        0        | 40     62500          727070       -       
8      16     6      6/8    | 0.20      1.26      1.61      0.29      3.36         0.50      | 10760    0        51738    0        0        | 48     62500          727070       -       
8      16     7      7/8    | 0.20      1.26      1.60      0.29      3.35         0.50      | 10760    0        51738    0        0        | 56     62500          727070       -       
8      16     8      8/8    | 0.20      1.26      1.62      0.30      3.39         0.50      | 10760    0        51738    0        0        | 64     62500          727070       -       
8      32     0      0/8    | 0.21      0.94      1.44      0.30      2.90         0.58      | 10760    0        0        51738    0        | 1      62500          727070       -       
8      32     1      1/8    | 0.21      0.92      1.44      0.33      2.91         0.58      | 10760    0        0        51738    0        | 8      62500          727070       -       
8      32     2      2/8    | 0.21      0.93      1.32      0.29      2.75         0.61      | 10760    0        47114    4624     0        | 16     62500          727070       -       
8      32     3      3/8    | 0.21      0.93      1.32      0.30      2.77         0.61      | 10760    0        51712    26       0        | 24     62500          727070       -       
8      32     4      4/8    | 0.21      0.93      1.32      0.31      2.78         0.60      | 10760    0        51737    1        0        | 32     62500          727070       -       
8      32     5      5/8    | 0.21      0.92      1.31      0.29      2.74         0.61      | 10760    0        51738    0        0        | 40     62500          727070       -       
8      32     6      6/8    | 0.21      0.93      1.31      0.29      2.74         0.61      | 10760    0        51738    0        0        | 48     62500          727070       -       
8      32     7      7/8    | 0.20      0.93      1.31      0.29      2.74         0.61      | 10760    0        51738    0        0        | 56     62500          727070       -       
8      32     8      8/8    | 0.21      0.92      1.32      0.29      2.74         0.61      | 10760    0        51738    0        0        | 64     62500          727070       -       
16     8      0      0/8    | 0.34      2.05      1.32      0.22      3.94         0.43      | 288      0        0        15337    0        | 1      15625          727070       -       
16     8      1      1/8    | 0.34      2.05      1.34      0.23      3.96         0.42      | 288      0        0        15337    0        | 32     15625          727070       -       
16     8      2      2/8    | 0.34      2.05      1.07      0.23      3.69         0.46      | 288      0        15206    131      0        | 64     15625          727070       -       
16     8      3      3/8    | 0.34      2.05      1.06      0.23      3.68         0.46      | 288      0        15337    0        0        | 96     15625          727070       -       
16     8      4      4/8    | 0.34      2.06      1.07      0.23      3.72         0.45      | 288      0        15337    0        0        | 128    15625          727070       -       
16     8      5      5/8    | 0.34      2.05      1.05      0.24      3.69         0.46      | 288      0        15337    0        0        | 160    15625          727070       -       
16     8      6      6/8    | 0.34      2.05      1.07      0.22      3.69         0.46      | 288      0        15337    0        0        | 192    15625          727070       -       
16     8      7      7/8    | 0.35      2.05      1.06      0.24      3.71         0.45      | 288      0        15337    0        0        | 224    15625          727070       -       
16     8      8      8/8    | 0.34      2.05      1.05      0.24      3.70         0.45      | 288      0        15337    0        0        | 256    15625          727070       -       
16     16     0      0/8    | 0.28      1.54      1.10      0.22      3.15         0.53      | 288      0        0        15337    0        | 1      15625          727070       -       
16     16     1      1/8    | 0.29      1.55      1.10      0.24      3.19         0.53      | 288      0        0        15337    0        | 32     15625          727070       -       
16     16     2      2/8    | 0.29      1.55      0.98      0.23      3.07         0.55      | 288      0        15206    131      0        | 64     15625          727070       -       
16     16     3      3/8    | 0.29      1.54      0.92      0.23      2.98         0.56      | 288      0        15337    0        0        | 96     15625          727070       -       
16     16     4      4/8    | 0.29      1.56      0.91      0.24      3.01         0.56      | 288      0        15337    0        0        | 128    15625          727070       -       
16     16     5      5/8    | 0.29      1.54      0.91      0.22      2.97         0.57      | 288      0        15337    0        0        | 160    15625          727070       -       
16     16     6      6/8    | 0.29      1.55      0.90      0.24      2.99         0.56      | 288      0        15337    0        0        | 192    15625          727070       -       
16     16     7      7/8    | 0.29      1.54      0.91      0.23      2.98         0.56      | 288      0        15337    0        0        | 224    15625          727070       -       
16     16     8      8/8    | 0.29      1.55      0.90      0.23      2.98         0.56      | 288      0        15337    0        0        | 256    15625          727070       -       
16     32     0      0/8    | 0.21      0.88      0.76      0.23      2.08         0.81      | 288      0        0        15337    0        | 1      15625          727070       -       
16     32     1      1/8    | 0.21      0.88      0.76      0.24      2.10         0.80      | 288      0        0        15337    0        | 32     15625          727070       -       
16     32     2      2/8    | 0.21      0.87      0.76      0.23      2.09         0.80      | 288      0        15206    131      0        | 64     15625          727070       -       
16     32     3      3/8    | 0.23      0.88      0.75      0.25      2.11         0.80      | 288      0        15337    0        0        | 96     15625          727070       -       
16     32     4      4/8    | 0.22      0.88      0.75      0.24      2.10         0.80      | 288      0        15337    0        0        | 128    15625          727070       -       
16     32     5      5/8    | 0.24      0.87      0.74      0.23      2.10         0.80      | 288      0        15337    0        0        | 160    15625          727070       -       
16     32     6      6/8    | 0.21      0.87      0.75      0.23      2.07         0.81      | 288      0        15337    0        0        | 192    15625          727070       -       
16     32     7      7/8    | 0.23      0.88      0.74      0.25      2.12         0.79      | 288      0        15337    0        0        | 224    15625          727070       -       
16     32     8      8/8    | 0.22      0.89      0.75      0.24      2.11         0.80      | 288      0        15337    0        0        | 256    15625          727070       -       
32     8      0      0/8    | 0.29      2.88      1.04      0.23      4.45         0.38      | 125      0        0        3844     0        | 1      3969           727070       -       
32     8      1      1/8    | 0.29      2.87      1.04      0.21      4.42         0.38      | 125      0        0        3844     0        | 128    3969           727070       -       
32     8      2      2/8    | 0.29      2.87      0.86      0.21      4.24         0.40      | 125      0        3843     1        0        | 256    3969           727070       -       
32     8      3      3/8    | 0.29      2.87      0.71      0.21      4.10         0.41      | 125      0        3844     0        0        | 384    3969           727070       -       
32     8      4      4/8    | 0.29      2.87      0.71      0.22      4.10         0.41      | 125      0        3844     0        0        | 512    3969           727070       -       
32     8      5      5/8    | 0.29      2.87      0.72      0.21      4.10         0.41      | 125      0        3844     0        0        | 640    3969           727070       -       
32     8      6      6/8    | 0.29      2.87      0.75      0.21      4.12         0.41      | 125      0        3844     0        0        | 768    3969           727070       -       
32     8      7      7/8    | 0.29      2.88      0.72      0.21      4.10         0.41      | 125      0        3844     0        0        | 896    3969           727070       -       
32     8      8      8/8    | 0.29      2.88      0.75      0.23      4.16         0.40      | 125      0        3844     0        0        | 1024   3969           727070       -       
32     16     0      0/8    | 0.21      1.69      0.82      0.21      2.94         0.57      | 125      0        0        3844     0        | 1      3969           727070       -       
32     16     1      1/8    | 0.20      1.70      0.83      0.21      2.96         0.57      | 125      0        0        3844     0        | 128    3969           727070       -       
32     16     2      2/8    | 0.21      1.69      0.67      0.21      2.78         0.60      | 125      0        3843     1        0        | 256    3969           727070       -       
32     16     3      3/8    | 0.20      1.69      0.65      0.21      2.77         0.61      | 125      0        3844     0        0        | 384    3969           727070       -       
32     16     4      4/8    | 0.20      1.69      0.65      0.21      2.77         0.61      | 125      0        3844     0        0        | 512    3969           727070       -       
32     16     5      5/8    | 0.22      1.70      0.66      0.23      2.82         0.60      | 125      0        3844     0        0        | 640    3969           727070       -       
32     16     6      6/8    | 0.21      1.70      0.65      0.22      2.79         0.60      | 125      0        3844     0        0        | 768    3969           727070       -       
32     16     7      7/8    | 0.21      1.70      0.67      0.22      2.82         0.60      | 125      0        3844     0        0        | 896    3969           727070       -       
32     16     8      8/8    | 0.22      1.70      0.66      0.25      2.84         0.59      | 125      0        3844     0        0        | 1024   3969           727070       -       
32     32     0      0/8    | 0.14      0.89      0.71      0.17      1.92         0.88      | 125      0        0        3844     0        | 1      3969           727070       -       
32     32     1      1/8    | 0.15      0.89      0.71      0.18      1.94         0.87      | 125      0        0        3844     0        | 128    3969           727070       -       
32     32     2      2/8    | 0.14      0.89      0.57      0.18      1.78         0.94      | 125      0        3843     1        0        | 256    3969           727070       -       
32     32     3      3/8    | 0.14      0.89      0.59      0.17      1.79         0.94      | 125      0        3844     0        0        | 384    3969           727070       -       
32     32     4      4/8    | 0.14      0.89      0.58      0.18      1.80         0.94      | 125      0        3844     0        0        | 512    3969           727070       -       
32     32     5      5/8    | 0.14      0.89      0.57      0.18      1.78         0.94      | 125      0        3844     0        0        | 640    3969           727070       -       
32     32     6      6/8    | 0.14      0.89      0.59      0.17      1.80         0.93      | 125      0        3844     0        0        | 768    3969           727070       -       
32     32     7      7/8    | 0.14      0.89      0.57      0.17      1.77         0.95      | 125      0        3844     0        0        | 896    3969           727070       -       
32     32     8      8/8    | 0.14      0.89      0.57      0.17      1.78         0.94      | 125      0        3844     0        0        | 1024   3969           727070       -       
