# Matrix: fpga_dcop_04
# Path: /home/stu1/Dataset/training_dataset/1k-10k-0.001-0.01/fpga_dcop_04.mtx
# Category: 1k-10k-0.001-0.01
# Date: 2026-03-06 08:43:31
# Configs: 81 (9 tiles x 9 TC thresholds)
# Version: AdaSpGEMM_new
#
# Rows: 1220
# Cols: 1220
# NNZ(A): 5884
# NNZ(C) estimate: 46720
#
tile_m tile_n tc_frc tc     | step1_ms  step2_ms  step3_ms  malloc    total_ms     gflops    | n_tiny   n_sml    n_lrg    n_dns    n_ful    | th_lrg tiles_C        nnzC         error   
-----------------------------------------------------------------------------------------------------------------------------------------------------------------------------------------
8      8      0      0/8    | 0.11      0.14      0.05      0.11      0.42         0.22      | 2114     0        0        924      72       | 1      6841           32670        -       
8      8      1      1/8    | 0.11      0.14      0.06      0.11      0.43         0.22      | 2114     0        0        924      72       | 8      6841           32670        -       
8      8      2      2/8    | 0.10      0.14      0.06      0.11      0.41         0.23      | 2114     0        504      420      72       | 16     6841           32670        -       
8      8      3      3/8    | 0.10      0.14      0.05      0.11      0.41         0.23      | 2114     0        674      250      72       | 24     6841           32670        -       
8      8      4      4/8    | 0.10      0.14      0.06      0.11      0.42         0.22      | 2114     0        760      164      72       | 32     6841           32670        -       
8      8      5      5/8    | 0.14      0.19      0.07      0.22      0.64         0.15      | 2114     0        866      58       72       | 40     6841           32670        -       
8      8      6      6/8    | 0.09      0.13      0.05      0.10      0.38         0.24      | 2114     0        889      35       72       | 48     6841           32670        -       
8      8      7      7/8    | 0.11      0.14      0.06      0.11      0.43         0.22      | 2114     0        922      2        72       | 56     6841           32670        -       
8      8      8      8/8    | 0.10      0.14      0.05      0.11      0.40         0.23      | 2114     0        996      0        0        | 64     6841           32670        -       
8      16     0      0/8    | 0.10      0.12      0.05      0.11      0.39         0.24      | 2114     0        0        924      72       | 1      10549          32670        -       
8      16     1      1/8    | 0.09      0.11      0.05      0.11      0.36         0.26      | 2114     0        0        924      72       | 8      10549          32670        -       
8      16     2      2/8    | 0.11      0.12      0.06      0.11      0.42         0.22      | 2114     0        504      420      72       | 16     10549          32670        -       
8      16     3      3/8    | 0.11      0.12      0.06      0.11      0.41         0.23      | 2114     0        674      250      72       | 24     10549          32670        -       
8      16     4      4/8    | 0.10      0.12      0.06      0.11      0.40         0.23      | 2114     0        760      164      72       | 32     10549          32670        -       
8      16     5      5/8    | 0.09      0.12      0.05      0.10      0.37         0.25      | 2114     0        866      58       72       | 40     10549          32670        -       
8      16     6      6/8    | 0.09      0.12      0.05      0.10      0.37         0.25      | 2114     0        889      35       72       | 48     10549          32670        -       
8      16     7      7/8    | 0.09      0.12      0.05      0.10      0.37         0.25      | 2114     0        922      2        72       | 56     10549          32670        -       
8      16     8      8/8    | 0.09      0.12      0.04      0.11      0.37         0.25      | 2114     0        996      0        0        | 64     10549          32670        -       
8      32     0      0/8    | 0.12      0.12      0.09      0.11      0.45         0.21      | 2114     0        0        924      72       | 1      15920          32670        -       
8      32     1      1/8    | 0.10      0.12      0.08      0.10      0.40         0.23      | 2114     0        0        924      72       | 8      15920          32670        -       
8      32     2      2/8    | 0.10      0.12      0.09      0.11      0.43         0.22      | 2114     0        504      420      72       | 16     15920          32670        -       
8      32     3      3/8    | 0.09      0.11      0.08      0.10      0.39         0.24      | 2114     0        674      250      72       | 24     15920          32670        -       
8      32     4      4/8    | 0.09      0.11      0.08      0.10      0.39         0.24      | 2114     0        760      164      72       | 32     15920          32670        -       
8      32     5      5/8    | 0.09      0.12      0.08      0.10      0.39         0.24      | 2114     0        866      58       72       | 40     15920          32670        -       
8      32     6      6/8    | 0.11      0.13      0.09      0.11      0.45         0.21      | 2114     0        889      35       72       | 48     15920          32670        -       
8      32     7      7/8    | 0.10      0.12      0.08      0.10      0.42         0.22      | 2114     0        922      2        72       | 56     15920          32670        -       
8      32     8      8/8    | 0.10      0.13      0.04      0.11      0.38         0.24      | 2114     0        996      0        0        | 64     15920          32670        -       
16     8      0      0/8    | 0.12      0.19      0.23      0.10      0.65         0.14      | 1232     0        0        224      8        | 1      2586           32670        -       
16     8      1      1/8    | 0.11      0.19      0.23      0.10      0.63         0.15      | 1232     0        0        224      8        | 32     2586           32670        -       
16     8      2      2/8    | 0.11      0.19      0.23      0.11      0.65         0.14      | 1232     0        121      103      8        | 64     2586           32670        -       
16     8      3      3/8    | 0.11      0.20      0.23      0.10      0.64         0.15      | 1232     0        164      60       8        | 96     2586           32670        -       
16     8      4      4/8    | 0.10      0.19      0.23      0.09      0.61         0.15      | 1232     0        181      43       8        | 128    2586           32670        -       
16     8      5      5/8    | 0.12      0.19      0.23      0.10      0.65         0.14      | 1232     0        209      15       8        | 160    2586           32670        -       
16     8      6      6/8    | 0.10      0.18      0.23      0.10      0.62         0.15      | 1232     0        220      4        8        | 192    2586           32670        -       
16     8      7      7/8    | 0.11      0.18      0.23      0.10      0.63         0.15      | 1232     0        223      1        8        | 224    2586           32670        -       
16     8      8      8/8    | 0.10      0.19      0.23      0.10      0.61         0.15      | 1232     0        232      0        0        | 256    2586           32670        -       
16     16     0      0/8    | 0.09      0.14      0.09      0.10      0.43         0.22      | 1232     0        0        224      8        | 1      3495           32670        -       
16     16     1      1/8    | 0.09      0.14      0.08      0.10      0.41         0.23      | 1232     0        0        224      8        | 32     3495           32670        -       
16     16     2      2/8    | 0.09      0.14      0.08      0.10      0.42         0.22      | 1232     0        121      103      8        | 64     3495           32670        -       
16     16     3      3/8    | 0.12      0.15      0.09      0.11      0.48         0.20      | 1232     0        164      60       8        | 96     3495           32670        -       
16     16     4      4/8    | 0.10      0.14      0.08      0.10      0.44         0.21      | 1232     0        181      43       8        | 128    3495           32670        -       
16     16     5      5/8    | 0.10      0.14      0.08      0.11      0.44         0.21      | 1232     0        209      15       8        | 160    3495           32670        -       
16     16     6      6/8    | 0.12      0.15      0.08      0.11      0.47         0.20      | 1232     0        220      4        8        | 192    3495           32670        -       
16     16     7      7/8    | 0.10      0.14      0.07      0.11      0.43         0.22      | 1232     0        223      1        8        | 224    3495           32670        -       
16     16     8      8/8    | 0.10      0.14      0.06      0.10      0.42         0.22      | 1232     0        232      0        0        | 256    3495           32670        -       
16     32     0      0/8    | 0.10      0.13      0.13      0.11      0.47         0.20      | 1232     0        0        224      8        | 1      4793           32670        -       
16     32     1      1/8    | 0.12      0.14      0.13      0.13      0.52         0.18      | 1232     0        0        224      8        | 32     4793           32670        -       
16     32     2      2/8    | 0.10      0.12      0.13      0.10      0.47         0.20      | 1232     0        121      103      8        | 64     4793           32670        -       
16     32     3      3/8    | 0.10      0.12      0.13      0.10      0.46         0.20      | 1232     0        164      60       8        | 96     4793           32670        -       
16     32     4      4/8    | 0.10      0.13      0.13      0.11      0.47         0.20      | 1232     0        181      43       8        | 128    4793           32670        -       
16     32     5      5/8    | 0.11      0.13      0.14      0.11      0.51         0.18      | 1232     0        209      15       8        | 160    4793           32670        -       
16     32     6      6/8    | 0.10      0.12      0.14      0.10      0.47         0.20      | 1232     0        220      4        8        | 192    4793           32670        -       
16     32     7      7/8    | 0.10      0.12      0.13      0.10      0.46         0.20      | 1232     0        223      1        8        | 224    4793           32670        -       
16     32     8      8/8    | 0.10      0.13      0.05      0.11      0.39         0.24      | 1232     0        232      0        0        | 256    4793           32670        -       
32     8      0      0/8    | 0.11      0.25      0.39      0.10      0.85         0.11      | 636      0        0        51       0        | 1      971            32670        -       
32     8      1      1/8    | 0.13      0.25      0.39      0.10      0.89         0.11      | 636      0        0        51       0        | 128    971            32670        -       
32     8      2      2/8    | 0.12      0.25      0.39      0.10      0.87         0.11      | 636      0        29       22       0        | 256    971            32670        -       
32     8      3      3/8    | 0.11      0.24      0.39      0.09      0.85         0.11      | 636      0        38       13       0        | 384    971            32670        -       
32     8      4      4/8    | 0.11      0.24      0.39      0.09      0.85         0.11      | 636      0        40       11       0        | 512    971            32670        -       
32     8      5      5/8    | 0.11      0.25      0.39      0.09      0.85         0.11      | 636      0        51       0        0        | 640    971            32670        -       
32     8      6      6/8    | 0.13      0.25      0.39      0.10      0.88         0.11      | 636      0        51       0        0        | 768    971            32670        -       
32     8      7      7/8    | 0.12      0.25      0.39      0.11      0.89         0.11      | 636      0        51       0        0        | 896    971            32670        -       
32     8      8      8/8    | 0.12      0.26      0.39      0.13      0.91         0.10      | 636      0        51       0        0        | 1024   971            32670        -       
32     16     0      0/8    | 0.11      0.18      0.34      0.10      0.74         0.13      | 636      0        0        51       0        | 1      1162           32670        -       
32     16     1      1/8    | 0.09      0.18      0.34      0.09      0.72         0.13      | 636      0        0        51       0        | 128    1162           32670        -       
32     16     2      2/8    | 0.13      0.20      0.35      0.11      0.79         0.12      | 636      0        29       22       0        | 256    1162           32670        -       
32     16     3      3/8    | 0.10      0.19      0.35      0.10      0.74         0.13      | 636      0        38       13       0        | 384    1162           32670        -       
32     16     4      4/8    | 0.10      0.19      0.35      0.10      0.75         0.12      | 636      0        40       11       0        | 512    1162           32670        -       
32     16     5      5/8    | 0.11      0.19      0.35      0.10      0.76         0.12      | 636      0        51       0        0        | 640    1162           32670        -       
32     16     6      6/8    | 0.11      0.19      0.34      0.10      0.75         0.12      | 636      0        51       0        0        | 768    1162           32670        -       
32     16     7      7/8    | 0.11      0.18      0.34      0.10      0.74         0.13      | 636      0        51       0        0        | 896    1162           32670        -       
32     16     8      8/8    | 0.10      0.19      0.35      0.10      0.74         0.13      | 636      0        51       0        0        | 1024   1162           32670        -       
32     32     0      0/8    | 0.09      0.14      0.13      0.10      0.47         0.20      | 636      0        0        51       0        | 1      1370           32670        -       
32     32     1      1/8    | 0.12      0.15      0.13      0.11      0.52         0.18      | 636      0        0        51       0        | 128    1370           32670        -       
32     32     2      2/8    | 0.09      0.15      0.14      0.10      0.50         0.19      | 636      0        29       22       0        | 256    1370           32670        -       
32     32     3      3/8    | 0.10      0.15      0.13      0.10      0.49         0.19      | 636      0        38       13       0        | 384    1370           32670        -       
32     32     4      4/8    | 0.10      0.15      0.13      0.11      0.49         0.19      | 636      0        40       11       0        | 512    1370           32670        -       
32     32     5      5/8    | 0.09      0.14      0.09      0.10      0.42         0.22      | 636      0        51       0        0        | 640    1370           32670        -       
32     32     6      6/8    | 0.09      0.14      0.08      0.10      0.42         0.22      | 636      0        51       0        0        | 768    1370           32670        -       
32     32     7      7/8    | 0.11      0.15      0.09      0.12      0.48         0.19      | 636      0        51       0        0        | 896    1370           32670        -       
32     32     8      8/8    | 0.10      0.14      0.09      0.10      0.44         0.21      | 636      0        51       0        0        | 1024   1370           32670        -       
