# Matrix: plat1919
# Path: /home/stu1/Dataset/training_dataset/1k-10k-0.01-0.1/plat1919.mtx
# Category: 1k-10k-0.01-0.1
# Date: 2026-03-06 11:20:10
# Configs: 81 (9 tiles x 9 TC thresholds)
# Version: AdaSpGEMM_new
#
# Rows: 1919
# Cols: 1919
# NNZ(A): 32399
# NNZ(C) estimate: 562853
#
tile_m tile_n tc_frc tc     | step1_ms  step2_ms  step3_ms  malloc    total_ms     gflops    | n_tiny   n_sml    n_lrg    n_dns    n_ful    | th_lrg tiles_C        nnzC         error   
-----------------------------------------------------------------------------------------------------------------------------------------------------------------------------------------
8      8      0      0/8    | 0.10      0.18      0.09      0.19      0.58         1.95      | 2272     0        0        4456     0        | 1      9616           100909       -       
8      8      1      1/8    | 0.11      0.19      0.10      0.20      0.61         1.86      | 2272     0        0        4456     0        | 8      9616           100909       -       
8      8      2      2/8    | 0.11      0.17      0.09      0.21      0.60         1.87      | 2272     0        1302     3154     0        | 16     9616           100909       -       
8      8      3      3/8    | 0.11      0.17      0.09      0.20      0.59         1.92      | 2272     0        3023     1433     0        | 24     9616           100909       -       
8      8      4      4/8    | 0.10      0.17      0.09      0.18      0.55         2.07      | 2272     0        4052     404      0        | 32     9616           100909       -       
8      8      5      5/8    | 0.09      0.18      0.07      0.19      0.54         2.09      | 2272     0        4432     24       0        | 40     9616           100909       -       
8      8      6      6/8    | 0.11      0.18      0.08      0.21      0.60         1.89      | 2272     0        4451     5        0        | 48     9616           100909       -       
8      8      7      7/8    | 0.11      0.17      0.08      0.20      0.57         1.99      | 2272     0        4456     0        0        | 56     9616           100909       -       
8      8      8      8/8    | 0.09      0.17      0.07      0.18      0.52         2.15      | 2272     0        4456     0        0        | 64     9616           100909       -       
8      16     0      0/8    | 0.11      0.16      0.09      0.21      0.59         1.90      | 2272     0        0        4456     0        | 1      11126          100909       -       
8      16     1      1/8    | 0.10      0.16      0.09      0.19      0.54         2.07      | 2272     0        0        4456     0        | 8      11126          100909       -       
8      16     2      2/8    | 0.10      0.16      0.09      0.21      0.57         1.98      | 2272     0        1302     3154     0        | 16     11126          100909       -       
8      16     3      3/8    | 0.09      0.16      0.08      0.18      0.52         2.15      | 2272     0        3023     1433     0        | 24     11126          100909       -       
8      16     4      4/8    | 0.08      0.16      0.08      0.18      0.52         2.17      | 2272     0        4052     404      0        | 32     11126          100909       -       
8      16     5      5/8    | 0.09      0.16      0.06      0.19      0.51         2.23      | 2272     0        4432     24       0        | 40     11126          100909       -       
8      16     6      6/8    | 0.12      0.17      0.07      0.22      0.58         1.93      | 2272     0        4451     5        0        | 48     11126          100909       -       
8      16     7      7/8    | 0.10      0.17      0.06      0.20      0.53         2.13      | 2272     0        4456     0        0        | 56     11126          100909       -       
8      16     8      8/8    | 0.11      0.17      0.06      0.23      0.58         1.93      | 2272     0        4456     0        0        | 64     11126          100909       -       
8      32     0      0/8    | 0.10      0.16      0.14      0.19      0.60         1.88      | 2272     0        0        4456     0        | 1      13346          100909       -       
8      32     1      1/8    | 0.10      0.16      0.14      0.19      0.60         1.88      | 2272     0        0        4456     0        | 8      13346          100909       -       
8      32     2      2/8    | 0.09      0.16      0.12      0.18      0.56         2.01      | 2272     0        1302     3154     0        | 16     13346          100909       -       
8      32     3      3/8    | 0.10      0.16      0.12      0.18      0.56         2.01      | 2272     0        3023     1433     0        | 24     13346          100909       -       
8      32     4      4/8    | 0.10      0.16      0.13      0.18      0.57         1.97      | 2272     0        4052     404      0        | 32     13346          100909       -       
8      32     5      5/8    | 0.10      0.15      0.09      0.21      0.55         2.03      | 2272     0        4432     24       0        | 40     13346          100909       -       
8      32     6      6/8    | 0.49      0.15      0.08      0.23      0.96         1.17      | 2272     0        4451     5        0        | 48     13346          100909       -       
8      32     7      7/8    | 0.09      0.16      0.05      0.18      0.49         2.27      | 2272     0        4456     0        0        | 56     13346          100909       -       
8      32     8      8/8    | 0.10      0.15      0.05      0.19      0.51         2.22      | 2272     0        4456     0        0        | 64     13346          100909       -       
16     8      0      0/8    | 0.10      0.23      0.11      0.11      0.56         2.03      | 1156     0        0        1502     0        | 1      2894           100909       -       
16     8      1      1/8    | 0.13      0.23      0.11      0.11      0.59         1.91      | 1156     0        0        1502     0        | 32     2894           100909       -       
16     8      2      2/8    | 0.11      0.22      0.13      0.12      0.58         1.93      | 1156     0        1176     326      0        | 64     2894           100909       -       
16     8      3      3/8    | 0.12      0.23      0.10      0.11      0.57         1.96      | 1156     0        1438     64       0        | 96     2894           100909       -       
16     8      4      4/8    | 0.10      0.22      0.10      0.11      0.53         2.12      | 1156     0        1484     18       0        | 128    2894           100909       -       
16     8      5      5/8    | 0.10      0.22      0.10      0.12      0.56         2.01      | 1156     0        1498     4        0        | 160    2894           100909       -       
16     8      6      6/8    | 0.10      0.22      0.10      0.11      0.54         2.08      | 1156     0        1502     0        0        | 192    2894           100909       -       
16     8      7      7/8    | 0.09      0.21      0.10      0.10      0.51         2.21      | 1156     0        1502     0        0        | 224    2894           100909       -       
16     8      8      8/8    | 0.09      0.22      0.10      0.10      0.51         2.19      | 1156     0        1502     0        0        | 256    2894           100909       -       
16     16     0      0/8    | 0.08      0.21      0.14      0.10      0.54         2.09      | 1156     0        0        1502     0        | 1      3218           100909       -       
16     16     1      1/8    | 0.12      0.21      0.14      0.11      0.60         1.87      | 1156     0        0        1502     0        | 32     3218           100909       -       
16     16     2      2/8    | 0.10      0.21      0.17      0.11      0.59         1.89      | 1156     0        1176     326      0        | 64     3218           100909       -       
16     16     3      3/8    | 0.09      0.21      0.12      0.10      0.52         2.15      | 1156     0        1438     64       0        | 96     3218           100909       -       
16     16     4      4/8    | 0.11      0.21      0.11      0.11      0.55         2.04      | 1156     0        1484     18       0        | 128    3218           100909       -       
16     16     5      5/8    | 0.11      0.23      0.08      0.12      0.55         2.05      | 1156     0        1498     4        0        | 160    3218           100909       -       
16     16     6      6/8    | 0.10      0.21      0.08      0.11      0.51         2.23      | 1156     0        1502     0        0        | 192    3218           100909       -       
16     16     7      7/8    | 0.11      0.21      0.08      0.11      0.52         2.16      | 1156     0        1502     0        0        | 224    3218           100909       -       
16     16     8      8/8    | 0.10      0.21      0.08      0.11      0.51         2.21      | 1156     0        1502     0        0        | 256    3218           100909       -       
16     32     0      0/8    | 0.08      0.16      0.19      0.18      0.62         1.80      | 1156     0        0        1502     0        | 1      3782           100909       -       
16     32     1      1/8    | 0.11      0.17      0.20      0.22      0.71         1.58      | 1156     0        0        1502     0        | 32     3782           100909       -       
16     32     2      2/8    | 0.10      0.17      0.24      0.21      0.72         1.55      | 1156     0        1176     326      0        | 64     3782           100909       -       
16     32     3      3/8    | 0.10      0.16      0.17      0.20      0.64         1.76      | 1156     0        1438     64       0        | 96     3782           100909       -       
16     32     4      4/8    | 0.10      0.17      0.15      0.20      0.64         1.77      | 1156     0        1484     18       0        | 128    3782           100909       -       
16     32     5      5/8    | 0.11      0.16      0.11      0.21      0.60         1.87      | 1156     0        1498     4        0        | 160    3782           100909       -       
16     32     6      6/8    | 0.09      0.16      0.07      0.18      0.51         2.21      | 1156     0        1502     0        0        | 192    3782           100909       -       
16     32     7      7/8    | 0.09      0.16      0.07      0.18      0.51         2.22      | 1156     0        1502     0        0        | 224    3782           100909       -       
16     32     8      8/8    | 0.11      0.17      0.08      0.21      0.58         1.94      | 1156     0        1502     0        0        | 256    3782           100909       -       
32     8      0      0/8    | 0.11      0.30      0.44      0.10      0.96         1.17      | 494      0        0        358      0        | 1      918            100909       -       
32     8      1      1/8    | 0.12      0.31      0.44      0.09      0.97         1.16      | 494      0        0        358      0        | 128    918            100909       -       
32     8      2      2/8    | 0.11      0.31      0.45      0.10      0.97         1.16      | 494      0        329      29       0        | 256    918            100909       -       
32     8      3      3/8    | 0.12      0.32      0.45      0.10      1.00         1.13      | 494      0        350      8        0        | 384    918            100909       -       
32     8      4      4/8    | 0.12      0.31      0.44      0.12      1.01         1.12      | 494      0        358      0        0        | 512    918            100909       -       
32     8      5      5/8    | 0.11      0.30      0.45      0.10      0.96         1.17      | 494      0        358      0        0        | 640    918            100909       -       
32     8      6      6/8    | 0.10      0.30      0.44      0.09      0.94         1.20      | 494      0        358      0        0        | 768    918            100909       -       
32     8      7      7/8    | 0.12      0.30      0.44      0.10      0.98         1.15      | 494      0        358      0        0        | 896    918            100909       -       
32     8      8      8/8    | 0.11      0.31      0.44      0.10      0.96         1.17      | 494      0        358      0        0        | 1024   918            100909       -       
32     16     0      0/8    | 0.10      0.22      0.34      0.10      0.76         1.48      | 494      0        0        358      0        | 1      980            100909       -       
32     16     1      1/8    | 0.10      0.22      0.33      0.10      0.76         1.49      | 494      0        0        358      0        | 128    980            100909       -       
32     16     2      2/8    | 0.11      0.22      0.28      0.10      0.71         1.58      | 494      0        329      29       0        | 256    980            100909       -       
32     16     3      3/8    | 0.13      0.22      0.28      0.11      0.75         1.51      | 494      0        350      8        0        | 384    980            100909       -       
32     16     4      4/8    | 0.10      0.22      0.15      0.10      0.59         1.92      | 494      0        358      0        0        | 512    980            100909       -       
32     16     5      5/8    | 0.10      0.23      0.16      0.11      0.61         1.85      | 494      0        358      0        0        | 640    980            100909       -       
32     16     6      6/8    | 0.09      0.22      0.16      0.10      0.58         1.95      | 494      0        358      0        0        | 768    980            100909       -       
32     16     7      7/8    | 0.09      0.22      0.17      0.10      0.57         1.96      | 494      0        358      0        0        | 896    980            100909       -       
32     16     8      8/8    | 0.11      0.22      0.16      0.10      0.61         1.86      | 494      0        358      0        0        | 1024   980            100909       -       
32     32     0      0/8    | 0.10      0.18      0.23      0.10      0.61         1.85      | 494      0        0        358      0        | 1      1116           100909       -       
32     32     1      1/8    | 0.10      0.18      0.23      0.10      0.62         1.81      | 494      0        0        358      0        | 128    1116           100909       -       
32     32     2      2/8    | 0.11      0.18      0.19      0.11      0.59         1.91      | 494      0        329      29       0        | 256    1116           100909       -       
32     32     3      3/8    | 0.11      0.19      0.18      0.11      0.59         1.91      | 494      0        350      8        0        | 384    1116           100909       -       
32     32     4      4/8    | 0.10      0.18      0.12      0.10      0.52         2.18      | 494      0        358      0        0        | 512    1116           100909       -       
32     32     5      5/8    | 0.10      0.18      0.12      0.10      0.50         2.25      | 494      0        358      0        0        | 640    1116           100909       -       
32     32     6      6/8    | 0.10      0.18      0.13      0.11      0.52         2.16      | 494      0        358      0        0        | 768    1116           100909       -       
32     32     7      7/8    | 0.09      0.18      0.12      0.12      0.52         2.15      | 494      0        358      0        0        | 896    1116           100909       -       
32     32     8      8/8    | 0.11      0.18      0.13      0.11      0.55         2.06      | 494      0        358      0        0        | 1024   1116           100909       -       
