# Matrix: s1rmt3m1
# Path: /home/stu1/Dataset/training_dataset/1k-10k-0.1-1/s1rmt3m1.mtx
# Category: 1k-10k-0.1-1
# Date: 2026-03-06 12:45:10
# Configs: 81 (9 tiles x 9 TC thresholds)
# Version: AdaSpGEMM_new
#
# Rows: 5489
# Cols: 5489
# NNZ(A): 219521
# NNZ(C) estimate: 8926841
#
tile_m tile_n tc_frc tc     | step1_ms  step2_ms  step3_ms  malloc    total_ms     gflops    | n_tiny   n_sml    n_lrg    n_dns    n_ful    | th_lrg tiles_C        nnzC         error   
-----------------------------------------------------------------------------------------------------------------------------------------------------------------------------------------
8      8      0      0/8    | 0.08      0.16      0.10      0.19      0.54         32.82     | 2513     0        0        10283    2733     | 1      22331          579035       -       
8      8      1      1/8    | 0.08      0.17      0.10      0.18      0.54         33.31     | 2513     0        0        10283    2733     | 8      22331          579035       -       
8      8      2      2/8    | 0.08      0.17      0.11      0.18      0.54         33.31     | 2513     0        2056     8227     2733     | 16     22331          579035       -       
8      8      3      3/8    | 0.10      0.18      0.11      0.19      0.60         29.81     | 2513     0        2184     8099     2733     | 24     22331          579035       -       
8      8      4      4/8    | 0.09      0.17      0.11      0.19      0.57         31.32     | 2513     0        4879     5404     2733     | 32     22331          579035       -       
8      8      5      5/8    | 0.10      0.18      0.11      0.20      0.59         30.36     | 2513     0        4915     5368     2733     | 40     22331          579035       -       
8      8      6      6/8    | 0.09      0.17      0.11      0.19      0.57         31.16     | 2513     0        4929     5354     2733     | 48     22331          579035       -       
8      8      7      7/8    | 0.09      0.17      0.13      0.18      0.57         31.10     | 2513     0        7813     2470     2733     | 56     22331          579035       -       
8      8      8      8/8    | 0.08      0.17      0.26      0.18      0.69         25.69     | 2513     0        13016    0        0        | 64     22331          579035       -       
8      16     0      0/8    | 0.10      0.17      0.11      0.26      0.65         27.38     | 2513     0        0        10283    2733     | 1      26009          579035       -       
8      16     1      1/8    | 0.09      0.17      0.11      0.24      0.62         28.57     | 2513     0        0        10283    2733     | 8      26009          579035       -       
8      16     2      2/8    | 0.09      0.16      0.11      0.29      0.66         27.09     | 2513     0        2056     8227     2733     | 16     26009          579035       -       
8      16     3      3/8    | 0.07      0.16      0.11      0.24      0.58         30.52     | 2513     0        2184     8099     2733     | 24     26009          579035       -       
8      16     4      4/8    | 0.10      0.17      0.12      0.25      0.64         27.85     | 2513     0        4879     5404     2733     | 32     26009          579035       -       
8      16     5      5/8    | 0.09      0.17      0.11      0.24      0.63         28.52     | 2513     0        4915     5368     2733     | 40     26009          579035       -       
8      16     6      6/8    | 0.08      0.16      0.11      0.23      0.58         30.89     | 2513     0        4929     5354     2733     | 48     26009          579035       -       
8      16     7      7/8    | 0.07      0.16      0.13      0.23      0.60         29.66     | 2513     0        7813     2470     2733     | 56     26009          579035       -       
8      16     8      8/8    | 0.08      0.16      0.26      0.23      0.74         24.06     | 2513     0        13016    0        0        | 64     26009          579035       -       
8      32     0      0/8    | 0.08      0.15      0.18      0.22      0.64         27.94     | 2513     0        0        10283    2733     | 1      34223          579035       -       
8      32     1      1/8    | 0.08      0.14      0.17      0.21      0.61         29.08     | 2513     0        0        10283    2733     | 8      34223          579035       -       
8      32     2      2/8    | 0.08      0.15      0.17      0.22      0.62         28.75     | 2513     0        2056     8227     2733     | 16     34223          579035       -       
8      32     3      3/8    | 0.08      0.15      0.17      0.22      0.62         28.66     | 2513     0        2184     8099     2733     | 24     34223          579035       -       
8      32     4      4/8    | 0.09      0.16      0.16      0.24      0.66         27.26     | 2513     0        4879     5404     2733     | 32     34223          579035       -       
8      32     5      5/8    | 0.09      0.15      0.16      0.23      0.64         27.98     | 2513     0        4915     5368     2733     | 40     34223          579035       -       
8      32     6      6/8    | 0.09      0.16      0.16      0.23      0.66         27.26     | 2513     0        4929     5354     2733     | 48     34223          579035       -       
8      32     7      7/8    | 0.09      0.15      0.18      0.24      0.67         26.73     | 2513     0        7813     2470     2733     | 56     34223          579035       -       
8      32     8      8/8    | 0.09      0.16      0.25      0.22      0.73         24.46     | 2513     0        13016    0        0        | 64     34223          579035       -       
16     8      0      0/8    | 0.10      0.18      0.11      0.25      0.64         27.77     | 2059     0        0        3528     105      | 1      7116           579035       -       
16     8      1      1/8    | 0.09      0.17      0.11      0.24      0.62         28.89     | 2059     0        0        3528     105      | 32     7116           579035       -       
16     8      2      2/8    | 0.09      0.17      0.11      0.23      0.62         28.80     | 2059     0        710      2818     105      | 64     7116           579035       -       
16     8      3      3/8    | 0.09      0.17      0.12      0.23      0.62         28.80     | 2059     0        766      2762     105      | 96     7116           579035       -       
16     8      4      4/8    | 0.09      0.18      0.12      0.23      0.63         28.25     | 2059     0        1462     2066     105      | 128    7116           579035       -       
16     8      5      5/8    | 0.10      0.18      0.15      0.24      0.67         26.53     | 2059     0        1525     2003     105      | 160    7116           579035       -       
16     8      6      6/8    | 0.10      0.18      0.17      0.25      0.70         25.58     | 2059     0        2164     1364     105      | 192    7116           579035       -       
16     8      7      7/8    | 0.09      0.17      0.21      0.23      0.72         24.90     | 2059     0        3318     210      105      | 224    7116           579035       -       
16     8      8      8/8    | 0.09      0.17      0.32      0.25      0.84         21.13     | 2059     0        3633     0        0        | 256    7116           579035       -       
16     16     0      0/8    | 0.08      0.15      0.11      0.20      0.56         31.88     | 2059     0        0        3528     105      | 1      7184           579035       -       
16     16     1      1/8    | 0.07      0.14      0.12      0.22      0.56         31.66     | 2059     0        0        3528     105      | 32     7184           579035       -       
16     16     2      2/8    | 0.07      0.15      0.11      0.21      0.55         32.70     | 2059     0        710      2818     105      | 64     7184           579035       -       
16     16     3      3/8    | 0.07      0.14      0.13      0.21      0.57         31.54     | 2059     0        766      2762     105      | 96     7184           579035       -       
16     16     4      4/8    | 0.07      0.14      0.15      0.22      0.60         29.61     | 2059     0        1462     2066     105      | 128    7184           579035       -       
16     16     5      5/8    | 0.08      0.15      0.17      0.22      0.62         28.94     | 2059     0        1525     2003     105      | 160    7184           579035       -       
16     16     6      6/8    | 0.07      0.14      0.19      0.22      0.64         28.07     | 2059     0        2164     1364     105      | 192    7184           579035       -       
16     16     7      7/8    | 0.10      0.16      0.25      0.23      0.76         23.58     | 2059     0        3318     210      105      | 224    7184           579035       -       
16     16     8      8/8    | 0.09      0.15      0.31      0.22      0.77         23.22     | 2059     0        3633     0        0        | 256    7184           579035       -       
16     32     0      0/8    | 0.08      0.14      0.20      0.18      0.61         29.41     | 2059     0        0        3528     105      | 1      9512           579035       -       
16     32     1      1/8    | 0.09      0.15      0.20      0.18      0.63         28.52     | 2059     0        0        3528     105      | 32     9512           579035       -       
16     32     2      2/8    | 0.09      0.14      0.17      0.17      0.58         30.62     | 2059     0        710      2818     105      | 64     9512           579035       -       
16     32     3      3/8    | 0.07      0.14      0.19      0.17      0.59         30.36     | 2059     0        766      2762     105      | 96     9512           579035       -       
16     32     4      4/8    | 0.07      0.14      0.21      0.17      0.60         29.71     | 2059     0        1462     2066     105      | 128    9512           579035       -       
16     32     5      5/8    | 0.08      0.14      0.23      0.17      0.62         28.94     | 2059     0        1525     2003     105      | 160    9512           579035       -       
16     32     6      6/8    | 0.10      0.15      0.25      0.19      0.70         25.54     | 2059     0        2164     1364     105      | 192    9512           579035       -       
16     32     7      7/8    | 0.09      0.15      0.32      0.18      0.74         24.09     | 2059     0        3318     210      105      | 224    9512           579035       -       
16     32     8      8/8    | 0.07      0.14      0.31      0.17      0.70         25.51     | 2059     0        3633     0        0        | 256    9512           579035       -       
32     8      0      0/8    | 0.09      0.22      0.39      0.19      0.90         19.77     | 656      0        0        1474     0        | 1      2590           579035       -       
32     8      1      1/8    | 0.09      0.22      0.39      0.17      0.88         20.33     | 656      0        0        1474     0        | 128    2590           579035       -       
32     8      2      2/8    | 0.09      0.22      0.39      0.17      0.88         20.38     | 656      0        673      801      0        | 256    2590           579035       -       
32     8      3      3/8    | 0.09      0.22      0.39      0.18      0.89         20.11     | 656      0        991      483      0        | 384    2590           579035       -       
32     8      4      4/8    | 0.09      0.22      0.43      0.17      0.91         19.73     | 656      0        1041     433      0        | 512    2590           579035       -       
32     8      5      5/8    | 0.08      0.22      0.56      0.16      1.03         17.28     | 656      0        1332     142      0        | 640    2590           579035       -       
32     8      6      6/8    | 0.10      0.23      0.51      0.19      1.04         17.12     | 656      0        1474     0        0        | 768    2590           579035       -       
32     8      7      7/8    | 0.10      0.22      0.50      0.17      1.00         17.82     | 656      0        1474     0        0        | 896    2590           579035       -       
32     8      8      8/8    | 0.10      0.22      0.51      0.20      1.03         17.30     | 656      0        1474     0        0        | 1024   2590           579035       -       
32     16     0      0/8    | 0.10      0.18      0.35      0.20      0.84         21.36     | 656      0        0        1474     0        | 1      2594           579035       -       
32     16     1      1/8    | 0.09      0.18      0.36      0.19      0.83         21.54     | 656      0        0        1474     0        | 128    2594           579035       -       
32     16     2      2/8    | 0.09      0.18      0.36      0.18      0.80         22.21     | 656      0        673      801      0        | 256    2594           579035       -       
32     16     3      3/8    | 0.10      0.19      0.37      0.19      0.85         20.91     | 656      0        991      483      0        | 384    2594           579035       -       
32     16     4      4/8    | 0.09      0.18      0.37      0.19      0.83         21.54     | 656      0        1041     433      0        | 512    2594           579035       -       
32     16     5      5/8    | 0.08      0.18      0.48      0.18      0.93         19.24     | 656      0        1332     142      0        | 640    2594           579035       -       
32     16     6      6/8    | 0.08      0.18      0.47      0.17      0.91         19.58     | 656      0        1474     0        0        | 768    2594           579035       -       
32     16     7      7/8    | 0.08      0.18      0.47      0.17      0.90         19.77     | 656      0        1474     0        0        | 896    2594           579035       -       
32     16     8      8/8    | 0.08      0.18      0.47      0.17      0.91         19.66     | 656      0        1474     0        0        | 1024   2594           579035       -       
32     32     0      0/8    | 0.08      0.15      0.33      0.17      0.74         24.09     | 656      0        0        1474     0        | 1      3150           579035       -       
32     32     1      1/8    | 0.10      0.15      0.34      0.19      0.79         22.66     | 656      0        0        1474     0        | 128    3150           579035       -       
32     32     2      2/8    | 0.09      0.15      0.32      0.19      0.75         23.77     | 656      0        673      801      0        | 256    3150           579035       -       
32     32     3      3/8    | 0.07      0.14      0.32      0.17      0.72         24.76     | 656      0        991      483      0        | 384    3150           579035       -       
32     32     4      4/8    | 0.07      0.14      0.32      0.18      0.73         24.56     | 656      0        1041     433      0        | 512    3150           579035       -       
32     32     5      5/8    | 0.08      0.14      0.39      0.19      0.81         22.07     | 656      0        1332     142      0        | 640    3150           579035       -       
32     32     6      6/8    | 0.10      0.15      0.48      0.19      0.93         19.18     | 656      0        1474     0        0        | 768    3150           579035       -       
32     32     7      7/8    | 0.09      0.15      0.49      0.17      0.90         19.79     | 656      0        1474     0        0        | 896    3150           579035       -       
32     32     8      8/8    | 0.08      0.15      0.49      0.18      0.91         19.55     | 656      0        1474     0        0        | 1024   3150           579035       -       
