# Matrix: atmosmodm
# Path: /home/stu1/Dataset/training_dataset/1M-2M-0.001/atmosmodm.mtx
# Category: 1M-2M-0.001
# Date: 2026-03-07 04:10:44
# Configs: 81 (9 tiles x 9 TC thresholds)
# Version: AdaSpGEMM_new
#
# Rows: 1489752
# Cols: 1489752
# NNZ(A): 10319760
# NNZ(C) estimate: 71590768
#
tile_m tile_n tc_frc tc     | step1_ms  step2_ms  step3_ms  malloc    total_ms     gflops    | n_tiny   n_sml    n_lrg    n_dns    n_ful    | th_lrg tiles_C        nnzC         error   
-----------------------------------------------------------------------------------------------------------------------------------------------------------------------------------------
8      8      0      0/8    | 3.31      20.34     16.65     1.50      41.82        3.42      | 3272736  0        0        1282069  0        | 1      8186465        36486008     -       
8      8      1      1/8    | 3.32      20.48     16.64     1.48      41.93        3.41      | 3272736  0        0        1282069  0        | 8      8186465        36486008     -       
8      8      2      2/8    | 3.29      20.43     14.01     1.48      39.23        3.65      | 3272736  0        732798   549271   0        | 16     8186465        36486008     -       
8      8      3      3/8    | 3.31      20.39     12.93     1.49      38.13        3.75      | 3272736  0        1095850  186219   0        | 24     8186465        36486008     -       
8      8      4      4/8    | 3.29      20.41     13.47     1.49      38.68        3.70      | 3272736  0        1101493  180576   0        | 32     8186465        36486008     -       
8      8      5      5/8    | 3.31      20.30     11.65     1.52      36.79        3.89      | 3272736  0        1282069  0        0        | 40     8186465        36486008     -       
8      8      6      6/8    | 3.31      20.25     12.11     1.49      37.17        3.85      | 3272736  0        1282069  0        0        | 48     8186465        36486008     -       
8      8      7      7/8    | 3.29      20.36     11.65     1.51      36.82        3.89      | 3272736  0        1282069  0        0        | 56     8186465        36486008     -       
8      8      8      8/8    | 3.34      20.82     11.65     1.49      37.32        3.84      | 3272736  0        1282069  0        0        | 64     8186465        36486008     -       
8      16     0      0/8    | 3.01      29.81     17.14     1.77      51.74        2.77      | 3272736  0        0        1282069  0        | 1      11273481       36486008     -       
8      16     1      1/8    | 2.86      29.00     17.11     1.70      50.70        2.82      | 3272736  0        0        1282069  0        | 8      11273481       36486008     -       
8      16     2      2/8    | 2.99      28.81     13.80     1.78      47.41        3.02      | 3272736  0        732798   549271   0        | 16     11273481       36486008     -       
8      16     3      3/8    | 2.89      28.52     12.42     1.73      45.57        3.14      | 3272736  0        1095850  186219   0        | 24     11273481       36486008     -       
8      16     4      4/8    | 2.87      28.34     12.87     1.69      45.80        3.13      | 3272736  0        1101493  180576   0        | 32     11273481       36486008     -       
8      16     5      5/8    | 2.86      28.36     10.38     1.73      43.34        3.30      | 3272736  0        1282069  0        0        | 40     11273481       36486008     -       
8      16     6      6/8    | 2.88      28.66     10.37     1.73      43.67        3.28      | 3272736  0        1282069  0        0        | 48     11273481       36486008     -       
8      16     7      7/8    | 2.99      29.98     10.39     1.73      45.12        3.17      | 3272736  0        1282069  0        0        | 56     11273481       36486008     -       
8      16     8      8/8    | 2.86      28.70     10.37     1.69      43.64        3.28      | 3272736  0        1282069  0        0        | 64     11273481       36486008     -       
8      32     0      0/8    | 2.77      42.22     22.89     1.82      69.72        2.05      | 3272736  0        0        1282069  0        | 1      16362419       36486008     -       
8      32     1      1/8    | 2.82      42.27     22.88     1.88      69.86        2.05      | 3272736  0        0        1282069  0        | 8      16362419       36486008     -       
8      32     2      2/8    | 2.60      42.26     17.10     1.83      63.82        2.24      | 3272736  0        732798   549271   0        | 16     16362419       36486008     -       
8      32     3      3/8    | 2.75      42.31     14.81     1.82      61.70        2.32      | 3272736  0        1095850  186219   0        | 24     16362419       36486008     -       
8      32     4      4/8    | 2.78      42.32     14.69     1.87      61.69        2.32      | 3272736  0        1101493  180576   0        | 32     16362419       36486008     -       
8      32     5      5/8    | 2.79      42.10     10.35     1.83      57.07        2.51      | 3272736  0        1282069  0        0        | 40     16362419       36486008     -       
8      32     6      6/8    | 2.81      42.10     10.34     1.91      57.17        2.50      | 3272736  0        1282069  0        0        | 48     16362419       36486008     -       
8      32     7      7/8    | 2.65      42.30     10.34     1.91      57.22        2.50      | 3272736  0        1282069  0        0        | 56     16362419       36486008     -       
8      32     8      8/8    | 2.77      42.22     10.35     1.92      57.28        2.50      | 3272736  0        1282069  0        0        | 64     16362419       36486008     -       
16     8      0      0/8    | 2.18      7.61      13.72     1.34      24.87        5.76      | 2179544  0        0        274428   0        | 1      3003234        36486008     -       
16     8      1      1/8    | 2.17      7.58      13.71     1.34      24.81        5.77      | 2179544  0        0        274428   0        | 32     3003234        36486008     -       
16     8      2      2/8    | 2.18      7.62      11.81     1.33      22.96        6.24      | 2179544  0        181319   93109    0        | 64     3003234        36486008     -       
16     8      3      3/8    | 2.18      7.68      10.29     1.31      21.48        6.66      | 2179544  0        274428   0        0        | 96     3003234        36486008     -       
16     8      4      4/8    | 2.16      7.59      10.29     1.32      21.38        6.70      | 2179544  0        274428   0        0        | 128    3003234        36486008     -       
16     8      5      5/8    | 2.17      7.58      10.29     1.32      21.38        6.70      | 2179544  0        274428   0        0        | 160    3003234        36486008     -       
16     8      6      6/8    | 2.19      7.63      10.29     1.32      21.47        6.67      | 2179544  0        274428   0        0        | 192    3003234        36486008     -       
16     8      7      7/8    | 2.17      7.59      10.29     1.35      21.41        6.69      | 2179544  0        274428   0        0        | 224    3003234        36486008     -       
16     8      8      8/8    | 2.17      7.63      10.29     1.33      21.44        6.68      | 2179544  0        274428   0        0        | 256    3003234        36486008     -       
16     16     0      0/8    | 1.94      10.41     11.50     1.33      25.20        5.68      | 2179544  0        0        274428   0        | 1      4093846        36486008     -       
16     16     1      1/8    | 1.95      10.29     11.50     1.38      25.13        5.70      | 2179544  0        0        274428   0        | 32     4093846        36486008     -       
16     16     2      2/8    | 1.98      10.46     9.35      1.38      23.18        6.18      | 2179544  0        181319   93109    0        | 64     4093846        36486008     -       
16     16     3      3/8    | 1.94      10.43     7.07      1.31      20.77        6.89      | 2179544  0        274428   0        0        | 96     4093846        36486008     -       
16     16     4      4/8    | 1.94      10.51     7.06      1.34      20.88        6.86      | 2179544  0        274428   0        0        | 128    4093846        36486008     -       
16     16     5      5/8    | 1.97      10.51     7.06      1.39      20.94        6.84      | 2179544  0        274428   0        0        | 160    4093846        36486008     -       
16     16     6      6/8    | 1.92      10.51     7.06      1.35      20.85        6.87      | 2179544  0        274428   0        0        | 192    4093846        36486008     -       
16     16     7      7/8    | 1.91      10.51     7.06      1.30      20.81        6.88      | 2179544  0        274428   0        0        | 224    4093846        36486008     -       
16     16     8      8/8    | 1.97      10.47     7.07      1.40      20.93        6.84      | 2179544  0        274428   0        0        | 256    4093846        36486008     -       
16     32     0      0/8    | 1.61      14.26     16.26     1.52      33.66        4.25      | 2179544  0        0        274428   0        | 1      5637748        36486008     -       
16     32     1      1/8    | 1.61      14.35     16.25     1.52      33.75        4.24      | 2179544  0        0        274428   0        | 32     5637748        36486008     -       
16     32     2      2/8    | 1.61      14.22     12.04     1.47      29.36        4.88      | 2179544  0        181319   93109    0        | 64     5637748        36486008     -       
16     32     3      3/8    | 1.62      14.86     6.04      1.53      24.07        5.95      | 2179544  0        274428   0        0        | 96     5637748        36486008     -       
16     32     4      4/8    | 1.60      14.14     6.04      1.50      23.31        6.14      | 2179544  0        274428   0        0        | 128    5637748        36486008     -       
16     32     5      5/8    | 1.60      14.46     6.04      1.48      23.60        6.07      | 2179544  0        274428   0        0        | 160    5637748        36486008     -       
16     32     6      6/8    | 1.60      14.48     6.04      1.51      23.66        6.05      | 2179544  0        274428   0        0        | 192    5637748        36486008     -       
16     32     7      7/8    | 1.61      14.50     6.05      1.50      23.66        6.05      | 2179544  0        274428   0        0        | 224    5637748        36486008     -       
16     32     8      8/8    | 1.62      14.31     6.05      1.51      23.50        6.09      | 2179544  0        274428   0        0        | 256    5637748        36486008     -       
32     8      0      0/8    | 1.45      3.90      19.10     1.38      25.85        5.54      | 1180585  0        0        46554    0        | 1      1501781        36486008     -       
32     8      1      1/8    | 1.43      3.90      19.10     1.38      25.82        5.55      | 1180585  0        0        46554    0        | 128    1501781        36486008     -       
32     8      2      2/8    | 1.42      3.87      9.10      1.40      15.80        9.06      | 1180585  0        46554    0        0        | 256    1501781        36486008     -       
32     8      3      3/8    | 1.43      3.91      9.10      1.40      15.85        9.04      | 1180585  0        46554    0        0        | 384    1501781        36486008     -       
32     8      4      4/8    | 1.41      3.87      9.11      1.38      15.79        9.07      | 1180585  0        46554    0        0        | 512    1501781        36486008     -       
32     8      5      5/8    | 1.43      3.83      9.10      1.39      15.78        9.08      | 1180585  0        46554    0        0        | 640    1501781        36486008     -       
32     8      6      6/8    | 1.42      3.88      9.10      1.38      15.79        9.06      | 1180585  0        46554    0        0        | 768    1501781        36486008     -       
32     8      7      7/8    | 1.43      3.91      9.10      1.40      15.84        9.04      | 1180585  0        46554    0        0        | 896    1501781        36486008     -       
32     8      8      8/8    | 1.43      3.86      9.11      1.41      15.82        9.05      | 1180585  0        46554    0        0        | 1024   1501781        36486008     -       
32     16     0      0/8    | 1.28      3.87      20.15     1.35      26.68        5.37      | 1180585  0        0        46554    0        | 1      1501989        36486008     -       
32     16     1      1/8    | 1.27      3.89      20.15     1.34      26.66        5.37      | 1180585  0        0        46554    0        | 128    1501989        36486008     -       
32     16     2      2/8    | 1.31      3.90      8.97      1.34      15.55        9.21      | 1180585  0        46554    0        0        | 256    1501989        36486008     -       
32     16     3      3/8    | 1.28      3.91      8.99      1.35      15.57        9.20      | 1180585  0        46554    0        0        | 384    1501989        36486008     -       
32     16     4      4/8    | 1.27      3.90      8.98      1.34      15.51        9.23      | 1180585  0        46554    0        0        | 512    1501989        36486008     -       
32     16     5      5/8    | 1.28      3.88      8.97      1.33      15.48        9.25      | 1180585  0        46554    0        0        | 640    1501989        36486008     -       
32     16     6      6/8    | 1.28      3.84      8.98      1.35      15.47        9.25      | 1180585  0        46554    0        0        | 768    1501989        36486008     -       
32     16     7      7/8    | 1.41      4.03      9.00      1.45      15.90        9.00      | 1180585  0        46554    0        0        | 896    1501989        36486008     -       
32     16     8      8/8    | 1.30      3.98      8.98      1.37      15.65        9.15      | 1180585  0        46554    0        0        | 1024   1501989        36486008     -       
32     32     0      0/8    | 1.22      5.20      14.70     1.51      22.65        6.32      | 1180585  0        0        46554    0        | 1      2047563        36486008     -       
32     32     1      1/8    | 1.18      5.34      14.69     1.47      22.70        6.31      | 1180585  0        0        46554    0        | 128    2047563        36486008     -       
32     32     2      2/8    | 1.17      5.42      4.41      1.42      12.43        11.52     | 1180585  0        46554    0        0        | 256    2047563        36486008     -       
32     32     3      3/8    | 1.18      5.35      4.41      1.43      12.38        11.56     | 1180585  0        46554    0        0        | 384    2047563        36486008     -       
32     32     4      4/8    | 1.33      5.46      4.46      1.49      12.77        11.21     | 1180585  0        46554    0        0        | 512    2047563        36486008     -       
32     32     5      5/8    | 1.16      5.47      4.41      1.42      12.47        11.48     | 1180585  0        46554    0        0        | 640    2047563        36486008     -       
32     32     6      6/8    | 1.17      5.27      4.41      1.45      12.31        11.63     | 1180585  0        46554    0        0        | 768    2047563        36486008     -       
32     32     7      7/8    | 1.16      5.45      4.41      1.44      12.47        11.48     | 1180585  0        46554    0        0        | 896    2047563        36486008     -       
32     32     8      8/8    | 1.17      5.29      4.41      1.43      12.32        11.62     | 1180585  0        46554    0        0        | 1024   2047563        36486008     -       
