# Matrix: CurlCurl_1
# Path: /home/stu1/Dataset/training_dataset/200k-500k-0.001/CurlCurl_1.mtx
# Category: 200k-500k-0.001
# Date: 2026-03-08 03:06:51
# Configs: 81 (9 tiles x 9 TC thresholds)
# Version: AdaSpGEMM_new
#
# Rows: 226451
# Cols: 226451
# NNZ(A): 2472071
# NNZ(C) estimate: 27224109
#
tile_m tile_n tc_frc tc     | step1_ms  step2_ms  step3_ms  malloc    total_ms     gflops    | n_tiny   n_sml    n_lrg    n_dns    n_ful    | th_lrg tiles_C        nnzC         error   
-----------------------------------------------------------------------------------------------------------------------------------------------------------------------------------------
8      8      0      0/8    | 0.91      5.67      4.20      1.13      11.93        4.56      | 326354   0        0        495749   0        | 1      1498091        12165785     -       
8      8      1      1/8    | 0.90      2.63      4.18      0.92      8.64         6.30      | 326354   0        0        495749   0        | 8      1498091        12165785     -       
8      8      2      2/8    | 0.79      2.72      3.86      0.96      8.35         6.52      | 326354   0        169261   326488   0        | 16     1498091        12165785     -       
8      8      3      3/8    | 0.76      2.56      3.48      0.93      7.75         7.02      | 326354   0        322117   173632   0        | 24     1498091        12165785     -       
8      8      4      4/8    | 0.77      2.59      3.31      0.92      7.61         7.16      | 326354   0        436794   58955    0        | 32     1498091        12165785     -       
8      8      5      5/8    | 0.76      2.65      2.83      0.92      7.18         7.58      | 326354   0        479314   16435    0        | 40     1498091        12165785     -       
8      8      6      6/8    | 0.90      2.65      2.68      0.96      7.22         7.54      | 326354   0        494847   902      0        | 48     1498091        12165785     -       
8      8      7      7/8    | 0.76      2.55      2.66      0.92      6.90         7.89      | 326354   0        495749   0        0        | 56     1498091        12165785     -       
8      8      8      8/8    | 0.76      2.67      2.65      0.93      7.03         7.75      | 326354   0        495749   0        0        | 64     1498091        12165785     -       
8      16     0      0/8    | 0.71      5.12      4.46      0.94      11.25        4.84      | 326354   0        0        495749   0        | 1      1923389        12165785     -       
8      16     1      1/8    | 0.73      5.08      4.46      0.97      11.26        4.84      | 326354   0        0        495749   0        | 8      1923389        12165785     -       
8      16     2      2/8    | 0.74      5.24      4.00      1.01      11.01        4.95      | 326354   0        169261   326488   0        | 16     1923389        12165785     -       
8      16     3      3/8    | 0.73      4.94      3.51      0.98      10.18        5.35      | 326354   0        322117   173632   0        | 24     1923389        12165785     -       
8      16     4      4/8    | 0.70      4.97      3.21      0.93      9.83         5.54      | 326354   0        436794   58955    0        | 32     1923389        12165785     -       
8      16     5      5/8    | 0.72      4.90      2.66      0.95      9.24         5.89      | 326354   0        479314   16435    0        | 40     1923389        12165785     -       
8      16     6      6/8    | 0.70      4.88      2.47      0.92      8.99         6.06      | 326354   0        494847   902      0        | 48     1923389        12165785     -       
8      16     7      7/8    | 0.70      4.96      2.45      0.93      9.06         6.01      | 326354   0        495749   0        0        | 56     1923389        12165785     -       
8      16     8      8/8    | 0.70      4.94      2.45      0.93      9.04         6.02      | 326354   0        495749   0        0        | 64     1923389        12165785     -       
8      32     0      0/8    | 0.72      7.14      6.52      0.97      15.37        3.54      | 326354   0        0        495749   0        | 1      2803809        12165785     -       
8      32     1      1/8    | 0.76      7.39      6.53      0.99      15.68        3.47      | 326354   0        0        495749   0        | 8      2803809        12165785     -       
8      32     2      2/8    | 0.73      7.48      5.64      1.00      14.87        3.66      | 326354   0        169261   326488   0        | 16     2803809        12165785     -       
8      32     3      3/8    | 0.74      7.18      4.74      1.01      13.69        3.98      | 326354   0        322117   173632   0        | 24     2803809        12165785     -       
8      32     4      4/8    | 0.72      7.14      3.75      0.99      12.62        4.31      | 326354   0        436794   58955    0        | 32     2803809        12165785     -       
8      32     5      5/8    | 0.75      7.42      3.06      0.98      12.23        4.45      | 326354   0        479314   16435    0        | 40     2803809        12165785     -       
8      32     6      6/8    | 0.74      7.17      2.67      1.00      11.60        4.70      | 326354   0        494847   902      0        | 48     2803809        12165785     -       
8      32     7      7/8    | 0.73      7.12      2.58      0.99      11.44        4.76      | 326354   0        495749   0        0        | 56     2803809        12165785     -       
8      32     8      8/8    | 0.73      7.17      2.58      0.99      11.48        4.74      | 326354   0        495749   0        0        | 64     2803809        12165785     -       
16     8      0      0/8    | 0.21      1.28      3.46      0.88      5.85         9.31      | 169853   0        0        163633   0        | 1      529296         12165785     -       
16     8      1      1/8    | 0.21      1.27      3.47      0.85      5.82         9.36      | 169853   0        0        163633   0        | 32     529296         12165785     -       
16     8      2      2/8    | 0.22      1.38      2.92      0.91      5.46         9.98      | 169853   0        97394    66239    0        | 64     529296         12165785     -       
16     8      3      3/8    | 0.21      1.24      2.38      0.88      4.72         11.52     | 169853   0        149121   14512    0        | 96     529296         12165785     -       
16     8      4      4/8    | 0.21      1.28      2.38      0.88      4.78         11.40     | 169853   0        150713   12920    0        | 128    529296         12165785     -       
16     8      5      5/8    | 0.21      1.43      2.12      0.93      4.71         11.57     | 169853   0        163587   46       0        | 160    529296         12165785     -       
16     8      6      6/8    | 0.35      1.23      2.08      0.86      4.55         11.96     | 169853   0        163633   0        0        | 192    529296         12165785     -       
16     8      7      7/8    | 0.23      1.24      2.08      0.91      4.47         12.17     | 169853   0        163633   0        0        | 224    529296         12165785     -       
16     8      8      8/8    | 0.21      1.45      2.09      0.89      4.66         11.69     | 169853   0        163633   0        0        | 256    529296         12165785     -       
16     16     0      0/8    | 0.20      1.25      3.08      0.88      5.43         10.03     | 169853   0        0        163633   0        | 1      596800         12165785     -       
16     16     1      1/8    | 0.20      1.27      3.09      0.91      5.48         9.93      | 169853   0        0        163633   0        | 32     596800         12165785     -       
16     16     2      2/8    | 0.20      1.29      2.47      0.95      4.94         11.02     | 169853   0        97394    66239    0        | 64     596800         12165785     -       
16     16     3      3/8    | 0.20      1.39      1.98      0.89      4.47         12.19     | 169853   0        149121   14512    0        | 96     596800         12165785     -       
16     16     4      4/8    | 0.19      1.20      1.99      0.85      4.25         12.81     | 169853   0        150713   12920    0        | 128    596800         12165785     -       
16     16     5      5/8    | 0.19      1.17      1.76      0.88      4.02         13.55     | 169853   0        163587   46       0        | 160    596800         12165785     -       
16     16     6      6/8    | 0.20      1.21      1.67      0.90      4.00         13.62     | 169853   0        163633   0        0        | 192    596800         12165785     -       
16     16     7      7/8    | 0.19      1.31      1.67      0.90      4.09         13.32     | 169853   0        163633   0        0        | 224    596800         12165785     -       
16     16     8      8/8    | 0.19      1.25      1.67      0.85      3.97         13.70     | 169853   0        163633   0        0        | 256    596800         12165785     -       
16     32     0      0/8    | 0.19      2.19      5.25      0.95      8.59         6.34      | 169853   0        0        163633   0        | 1      819090         12165785     -       
16     32     1      1/8    | 0.21      2.36      5.25      1.01      8.84         6.16      | 169853   0        0        163633   0        | 32     819090         12165785     -       
16     32     2      2/8    | 0.20      2.24      3.54      0.94      6.94         7.85      | 169853   0        97394    66239    0        | 64     819090         12165785     -       
16     32     3      3/8    | 0.20      2.23      2.50      0.98      5.91         9.21      | 169853   0        149121   14512    0        | 96     819090         12165785     -       
16     32     4      4/8    | 0.19      2.16      2.49      0.94      5.79         9.40      | 169853   0        150713   12920    0        | 128    819090         12165785     -       
16     32     5      5/8    | 0.21      2.35      1.76      0.99      5.32         10.24     | 169853   0        163587   46       0        | 160    819090         12165785     -       
16     32     6      6/8    | 0.20      2.26      1.55      0.96      4.97         10.95     | 169853   0        163633   0        0        | 192    819090         12165785     -       
16     32     7      7/8    | 0.19      2.23      1.55      0.97      4.96         10.97     | 169853   0        163633   0        0        | 224    819090         12165785     -       
16     32     8      8/8    | 0.20      2.24      1.55      0.95      4.96         10.98     | 169853   0        163633   0        0        | 256    819090         12165785     -       
32     8      0      0/8    | 0.14      0.70      5.39      0.69      6.93         7.85      | 112629   0        0        33998    0        | 1      208699         12165785     -       
32     8      1      1/8    | 0.26      0.75      5.44      0.77      7.24         7.52      | 112629   0        0        33998    0        | 128    208699         12165785     -       
32     8      2      2/8    | 0.15      0.72      3.88      0.72      5.49         9.92      | 112629   0        26930    7068     0        | 256    208699         12165785     -       
32     8      3      3/8    | 0.15      0.71      2.69      0.71      4.27         12.75     | 112629   0        33977    21       0        | 384    208699         12165785     -       
32     8      4      4/8    | 0.23      0.74      2.38      0.74      4.11         13.26     | 112629   0        33998    0        0        | 512    208699         12165785     -       
32     8      5      5/8    | 0.14      0.69      2.34      0.71      3.90         13.96     | 112629   0        33998    0        0        | 640    208699         12165785     -       
32     8      6      6/8    | 0.14      0.69      2.34      0.69      3.88         14.03     | 112629   0        33998    0        0        | 768    208699         12165785     -       
32     8      7      7/8    | 0.14      0.71      2.35      0.70      3.92         13.90     | 112629   0        33998    0        0        | 896    208699         12165785     -       
32     8      8      8/8    | 0.14      0.71      2.37      0.70      3.92         13.88     | 112629   0        33998    0        0        | 1024   208699         12165785     -       
32     16     0      0/8    | 0.12      0.68      5.44      0.68      6.93         7.86      | 112629   0        0        33998    0        | 1      219827         12165785     -       
32     16     1      1/8    | 0.12      0.68      5.44      0.70      6.95         7.84      | 112629   0        0        33998    0        | 128    219827         12165785     -       
32     16     2      2/8    | 0.15      0.74      3.53      0.77      5.22         10.44     | 112629   0        26930    7068     0        | 256    219827         12165785     -       
32     16     3      3/8    | 0.13      0.72      2.10      0.71      3.68         14.80     | 112629   0        33977    21       0        | 384    219827         12165785     -       
32     16     4      4/8    | 0.13      0.70      1.81      0.70      3.35         16.23     | 112629   0        33998    0        0        | 512    219827         12165785     -       
32     16     5      5/8    | 0.14      0.72      1.81      0.69      3.37         16.14     | 112629   0        33998    0        0        | 640    219827         12165785     -       
32     16     6      6/8    | 0.12      0.72      1.82      0.71      3.39         16.06     | 112629   0        33998    0        0        | 768    219827         12165785     -       
32     16     7      7/8    | 0.13      0.71      1.82      0.71      3.39         16.04     | 112629   0        33998    0        0        | 896    219827         12165785     -       
32     16     8      8/8    | 0.12      0.69      1.81      0.70      3.34         16.32     | 112629   0        33998    0        0        | 1024   219827         12165785     -       
32     32     0      0/8    | 0.12      0.89      4.67      0.82      6.52         8.35      | 112629   0        0        33998    0        | 1      298757         12165785     -       
32     32     1      1/8    | 0.13      0.97      4.68      0.89      6.68         8.15      | 112629   0        0        33998    0        | 128    298757         12165785     -       
32     32     2      2/8    | 0.12      0.98      2.97      0.88      4.97         10.96     | 112629   0        26930    7068     0        | 256    298757         12165785     -       
32     32     3      3/8    | 0.13      1.00      1.71      0.88      3.73         14.58     | 112629   0        33977    21       0        | 384    298757         12165785     -       
32     32     4      4/8    | 0.13      0.95      1.53      0.85      3.48         15.67     | 112629   0        33998    0        0        | 512    298757         12165785     -       
32     32     5      5/8    | 0.13      0.92      1.53      0.83      3.43         15.86     | 112629   0        33998    0        0        | 640    298757         12165785     -       
32     32     6      6/8    | 0.13      0.93      1.54      0.83      3.45         15.79     | 112629   0        33998    0        0        | 768    298757         12165785     -       
32     32     7      7/8    | 0.12      0.93      1.54      0.85      3.45         15.78     | 112629   0        33998    0        0        | 896    298757         12165785     -       
32     32     8      8/8    | 0.12      0.97      1.54      0.84      3.49         15.60     | 112629   0        33998    0        0        | 1024   298757         12165785     -       
