# Matrix: Raj1
# Path: /home/stu1/Dataset/training_dataset/200k-500k-0.001/Raj1.mtx
# Category: 200k-500k-0.001
# Date: 2026-03-08 04:45:28
# Configs: 81 (9 tiles x 9 TC thresholds)
# Version: AdaSpGEMM_new
#
# Rows: 263743
# Cols: 263743
# NNZ(A): 1302464
# NNZ(C) estimate: 2062412525
#
tile_m tile_n tc_frc tc     | step1_ms  step2_ms  step3_ms  malloc    total_ms     gflops    | n_tiny   n_sml    n_lrg    n_dns    n_ful    | th_lrg tiles_C        nnzC         error   
-----------------------------------------------------------------------------------------------------------------------------------------------------------------------------------------
8      8      0      0/8    | 105.26    116.03    96.18     23.15     340.64       12.11     | 4738367  0        0        15832071 24558716 | 1      46575910       2059136653   -       
8      8      1      1/8    | 105.21    123.33    95.95     23.20     347.72       11.86     | 4738367  0        0        15832071 24558716 | 8      46575910       2059136653   -       
8      8      2      2/8    | 105.37    122.08    94.49     23.25     345.20       11.95     | 4738367  0        4178961  11653110 24558716 | 16     46575910       2059136653   -       
8      8      3      3/8    | 104.91    122.38    92.72     23.28     343.32       12.01     | 4738367  0        8126821  7705250  24558716 | 24     46575910       2059136653   -       
8      8      4      4/8    | 104.85    122.23    92.65     23.13     342.88       12.03     | 4738367  0        11425582 4406489  24558716 | 32     46575910       2059136653   -       
8      8      5      5/8    | 104.82    121.66    91.00     23.28     340.78       12.10     | 4738367  0        13288153 2543918  24558716 | 40     46575910       2059136653   -       
8      8      6      6/8    | 105.28    122.50    90.88     23.25     341.94       12.06     | 4738367  0        15602532 229539   24558716 | 48     46575910       2059136653   -       
8      8      7      7/8    | 105.15    122.66    90.50     23.27     341.61       12.07     | 4738367  0        15832035 36       24558716 | 56     46575910       2059136653   -       
8      8      8      8/8    | 105.08    121.92    98.24     23.20     348.46       11.84     | 4738367  0        40390787 0        0        | 64     46575910       2059136653   -       
8      16     0      0/8    | 77.81     120.54    112.67    22.95     333.98       12.35     | 4738367  0        0        15832071 24558716 | 1      47500944       2059136653   -       
8      16     1      1/8    | 77.83     119.46    112.93    22.91     333.15       12.38     | 4738367  0        0        15832071 24558716 | 8      47500944       2059136653   -       
8      16     2      2/8    | 77.76     119.07    108.82    22.84     328.51       12.56     | 4738367  0        4178961  11653110 24558716 | 16     47500944       2059136653   -       
8      16     3      3/8    | 77.86     119.27    106.24    22.78     326.16       12.65     | 4738367  0        8126821  7705250  24558716 | 24     47500944       2059136653   -       
8      16     4      4/8    | 77.81     120.22    104.45    22.78     325.28       12.68     | 4738367  0        11425582 4406489  24558716 | 32     47500944       2059136653   -       
8      16     5      5/8    | 77.88     119.64    102.22    22.92     322.68       12.78     | 4738367  0        13288153 2543918  24558716 | 40     47500944       2059136653   -       
8      16     6      6/8    | 77.72     120.17    100.78    22.85     321.54       12.83     | 4738367  0        15602532 229539   24558716 | 48     47500944       2059136653   -       
8      16     7      7/8    | 77.78     119.57    100.21    22.83     320.41       12.87     | 4738367  0        15832035 36       24558716 | 56     47500944       2059136653   -       
8      16     8      8/8    | 77.82     119.08    98.49     22.79     318.21       12.96     | 4738367  0        40390787 0        0        | 64     47500944       2059136653   -       
8      32     0      0/8    | 68.95     124.05    516.01    22.40     731.43       5.64      | 4736504  0        0        15838281 24554424 | 1      48847664       2059004995   -       
8      32     1      1/8    | 69.09     122.93    515.70    22.33     730.07       5.65      | 4736504  0        0        15838281 24554424 | 8      48847664       2059004995   -       
8      32     2      2/8    | 69.08     130.02    504.06    22.47     725.65       5.68      | 4736504  0        4173164  11665117 24554424 | 16     48847664       2059004995   -       
8      32     3      3/8    | 69.10     127.56    162.50    22.37     381.55       10.81     | 4736504  0        8138420  7699861  24554424 | 24     48847664       2059004995   -       
8      32     4      4/8    | 68.98     128.29    156.32    22.43     376.03       10.97     | 4736503  0        11432278 4406004  24554424 | 32     48847664       2059005020   -       
8      32     5      5/8    | 69.16     123.32    153.19    22.63     368.31       11.20     | 4736503  0        13294653 2543629  24554424 | 40     48847664       2059005020   -       
8      32     6      6/8    | 69.16     124.04    150.16    22.40     365.78       11.28     | 4736504  0        15608766 229515   24554424 | 48     48847664       2059004995   -       
8      32     7      7/8    | 69.56     122.90    149.63    22.44     364.55       11.31     | 4736504  0        15838245 36       24554424 | 56     48847664       2059004995   -       
8      32     8      8/8    | 69.00     123.77    127.05    22.59     342.42       12.05     | 4736504  0        40392705 0        0        | 64     48847664       2059004995   -       
16     8      0      0/8    | 13.40     32.54     61.60     15.12     122.68       33.62     | 1835391  0        0        4450440  6036835  | 1      12947294       2059136653   -       
16     8      1      1/8    | 12.64     32.28     61.62     15.09     121.66       33.91     | 1835391  0        0        4450440  6036835  | 32     12947294       2059136653   -       
16     8      2      2/8    | 12.52     32.58     61.29     15.08     121.48       33.95     | 1835391  0        1151045  3299395  6036835  | 64     12947294       2059136653   -       
16     8      3      3/8    | 12.41     32.57     60.27     15.10     120.38       34.26     | 1835391  0        2514851  1935589  6036835  | 96     12947294       2059136653   -       
16     8      4      4/8    | 12.91     32.64     58.46     15.09     119.12       34.63     | 1835391  0        3330673  1119767  6036835  | 128    12947294       2059136653   -       
16     8      5      5/8    | 13.00     32.71     54.56     15.10     115.39       35.75     | 1835391  0        3692517  757923   6036835  | 160    12947294       2059136653   -       
16     8      6      6/8    | 13.16     34.08     55.67     15.13     118.07       34.94     | 1835391  0        4412129  38311    6036835  | 192    12947294       2059136653   -       
16     8      7      7/8    | 12.74     33.96     55.09     15.23     117.04       35.24     | 1835391  0        4437928  12512    6036835  | 224    12947294       2059136653   -       
16     8      8      8/8    | 12.53     34.06     84.45     15.10     146.15       28.22     | 1835391  0        10487275 0        0        | 256    12947294       2059136653   -       
16     16     0      0/8    | 11.23     33.37     57.04     15.11     116.77       35.32     | 1835391  0        0        4450440  6036835  | 1      13301924       2059136653   -       
16     16     1      1/8    | 11.15     33.33     56.18     15.08     115.75       35.63     | 1835391  0        0        4450440  6036835  | 32     13301924       2059136653   -       
16     16     2      2/8    | 11.14     33.53     56.73     15.09     116.51       35.40     | 1835391  0        1151045  3299395  6036835  | 64     13301924       2059136653   -       
16     16     3      3/8    | 11.40     35.07     57.28     15.14     118.91       34.69     | 1835391  0        2514851  1935589  6036835  | 96     13301924       2059136653   -       
16     16     4      4/8    | 11.16     34.50     56.50     15.11     117.30       35.17     | 1835391  0        3330673  1119767  6036835  | 128    13301924       2059136653   -       
16     16     5      5/8    | 11.07     33.66     45.79     15.10     105.64       39.04     | 1835391  0        3692517  757923   6036835  | 160    13301924       2059136653   -       
16     16     6      6/8    | 11.27     33.18     44.00     15.10     103.58       39.82     | 1835391  0        4412129  38311    6036835  | 192    13301924       2059136653   -       
16     16     7      7/8    | -         -         -         -         -            -         | -        -        -        -        -        | -      -              -            timeout 
16     16     8      8/8    | 11.39     35.15     52.31     15.16     114.05       36.17     | 1835391  0        10487275 0        0        | 256    13301924       2059136653   -       
16     32     0      0/8    | 10.85     35.97     83.51     15.27     145.62       28.33     | 1835390  0        0        4450441  6036835  | 1      13765584       2059136801   -       
16     32     1      1/8    | 10.85     36.14     83.49     15.32     145.83       28.29     | 1835390  0        0        4450441  6036835  | 32     13765584       2059136801   -       
16     32     2      2/8    | 10.83     34.69     77.50     15.35     138.39       29.81     | 1835390  0        1151045  3299396  6036835  | 64     13765584       2059136801   -       
16     32     3      3/8    | 10.86     34.53     71.22     15.31     131.93       31.26     | 1835390  0        2514851  1935590  6036835  | 96     13765584       2059136801   -       
16     32     4      4/8    | 10.86     34.82     67.40     15.45     128.55       32.09     | 1835390  0        3330673  1119768  6036835  | 128    13765584       2059136801   -       
16     32     5      5/8    | 10.77     34.74     65.69     15.28     126.51       32.60     | 1835390  0        3692518  757923   6036835  | 160    13765584       2059136801   -       
16     32     6      6/8    | 10.79     34.50     62.41     15.33     123.05       33.52     | 1835390  0        4412130  38311    6036835  | 192    13765584       2059136801   -       
16     32     7      7/8    | 10.82     34.68     62.41     15.36     123.29       33.46     | 1835390  0        4437929  12512    6036835  | 224    13765584       2059136801   -       
16     32     8      8/8    | 10.81     34.70     51.78     15.27     112.58       36.64     | 1835390  0        10487276 0        0        | 256    13765584       2059136801   -       
32     8      0      0/8    | 4.60      12.18     63.09     14.91     94.79        43.51     | 737960   0        0        1244626  1485454  | 1      3756790        2059136653   -       
32     8      1      1/8    | 4.64      12.61     63.73     14.98     95.99        42.97     | 737960   0        0        1244626  1485454  | 128    3756790        2059136653   -       
32     8      2      2/8    | 4.60      12.59     60.97     14.88     93.05        44.33     | 737960   0        315223   929403   1485454  | 256    3756790        2059136653   -       
32     8      3      3/8    | 4.65      12.37     57.50     14.97     89.50        46.09     | 737960   0        809341   435285   1485454  | 384    3756790        2059136653   -       
32     8      4      4/8    | 4.57      12.29     55.16     14.93     86.97        47.43     | 737960   0        989067   255559   1485454  | 512    3756790        2059136653   -       
32     8      5      5/8    | 4.63      12.35     54.80     14.87     86.67        47.59     | 737960   0        1044682  199944   1485454  | 640    3756790        2059136653   -       
32     8      6      6/8    | 4.54      12.60     51.16     15.00     83.32        49.50     | 737960   0        1221434  23192    1485454  | 768    3756790        2059136653   -       
32     8      7      7/8    | 4.66      12.24     48.59     14.94     80.45        51.27     | 737960   0        1236666  7960     1485454  | 896    3756790        2059136653   -       
32     8      8      8/8    | 4.60      12.14     90.08     14.87     121.71       33.89     | 737960   0        2730080  0        0        | 1024   3756790        2059136653   -       
32     16     0      0/8    | 2.64      9.90      64.64     14.91     92.11        44.78     | 737960   0        0        1244626  1485454  | 1      3894580        2059136653   -       
32     16     1      1/8    | 2.65      9.71      64.22     14.91     91.50        45.08     | 737960   0        0        1244626  1485454  | 128    3894580        2059136653   -       
32     16     2      2/8    | 2.64      10.10     60.16     14.95     87.87        46.94     | 737960   0        315223   929403   1485454  | 256    3894580        2059136653   -       
32     16     3      3/8    | 2.62      10.16     55.23     14.90     82.92        49.74     | 737960   0        809341   435285   1485454  | 384    3894580        2059136653   -       
32     16     4      4/8    | 2.63      10.09     52.35     14.90     79.99        51.56     | 737960   0        989067   255559   1485454  | 512    3894580        2059136653   -       
32     16     5      5/8    | 2.65      9.71      51.79     14.94     79.12        52.14     | 737960   0        1044682  199944   1485454  | 640    3894580        2059136653   -       
32     16     6      6/8    | 2.65      10.07     49.02     14.93     76.69        53.79     | 737960   0        1221434  23192    1485454  | 768    3894580        2059136653   -       
32     16     7      7/8    | 2.61      10.21     48.03     15.09     75.96        54.30     | 737960   0        1236666  7960     1485454  | 896    3894580        2059136653   -       
32     16     8      8/8    | 2.62      10.19     87.83     14.92     115.59       35.69     | 737960   0        2730080  0        0        | 1024   3894580        2059136653   -       
32     32     0      0/8    | 1.55      10.15     69.48     14.86     96.06        42.94     | 737960   0        0        1244626  1485454  | 1      4071240        2059136653   -       
32     32     1      1/8    | 1.57      10.50     69.50     14.90     96.48        42.75     | 737960   0        0        1244626  1485454  | 128    4071240        2059136653   -       
32     32     2      2/8    | 1.52      10.14     63.22     14.90     89.80        45.93     | 737960   0        315223   929403   1485454  | 256    4071240        2059136653   -       
32     32     3      3/8    | 1.53      10.30     55.36     14.91     82.12        50.23     | 737960   0        809341   435285   1485454  | 384    4071240        2059136653   -       
32     32     4      4/8    | 1.55      10.31     53.84     14.97     80.70        51.11     | 737960   0        989067   255559   1485454  | 512    4071240        2059136653   -       
32     32     5      5/8    | 1.56      10.29     52.71     15.10     79.67        51.77     | 737960   0        1044682  199944   1485454  | 640    4071240        2059136653   -       
32     32     6      6/8    | 1.56      10.25     49.13     14.90     75.86        54.38     | 737960   0        1221434  23192    1485454  | 768    4071240        2059136653   -       
32     32     7      7/8    | 1.55      10.25     45.53     15.11     72.45        56.93     | 737960   0        1236666  7960     1485454  | 896    4071240        2059136653   -       
32     32     8      8/8    | 1.53      10.26     59.89     14.89     86.58        47.64     | 737960   0        2730080  0        0        | 1024   4071240        2059136653   -       
