# Matrix: cage13
# Path: /home/stu1/Dataset/training_dataset/200k-500k-0.001-0.01/cage13.mtx
# Category: 200k-500k-0.001-0.01
# Date: 2026-03-07 13:08:42
# Configs: 81 (9 tiles x 9 TC thresholds)
# Version: AdaSpGEMM_new
#
# Rows: 445315
# Cols: 445315
# NNZ(A): 7479343
# NNZ(C) estimate: 137332191
#
tile_m tile_n tc_frc tc     | step1_ms  step2_ms  step3_ms  malloc    total_ms     gflops    | n_tiny   n_sml    n_lrg    n_dns    n_ful    | th_lrg tiles_C        nnzC         error   
-----------------------------------------------------------------------------------------------------------------------------------------------------------------------------------------
8      8      0      0/8    | 4.79      64.06     36.99     2.08      107.94       2.54      | 11216380 0        0        1444659  0        | 1      19750261       60593139     -       
8      8      1      1/8    | 4.81      49.58     36.99     2.08      93.48        2.94      | 11216380 0        0        1444659  0        | 8      19750261       60593139     -       
8      8      2      2/8    | 5.02      63.94     31.62     2.10      102.70       2.67      | 11216380 0        1114731  329928   0        | 16     19750261       60593139     -       
8      8      3      3/8    | 5.07      49.79     29.67     2.10      86.65        3.17      | 11216380 0        1393540  51119    0        | 24     19750261       60593139     -       
8      8      4      4/8    | 4.96      49.94     30.36     2.02      87.30        3.15      | 11216380 0        1440999  3660     0        | 32     19750261       60593139     -       
8      8      5      5/8    | 4.90      50.53     29.14     2.08      86.71        3.17      | 11216380 0        1443023  1636     0        | 40     19750261       60593139     -       
8      8      6      6/8    | 5.07      49.69     29.14     2.17      86.10        3.19      | 11216380 0        1444610  49       0        | 48     19750261       60593139     -       
8      8      7      7/8    | 4.94      49.86     29.11     2.02      85.94        3.20      | 11216380 0        1444659  0        0        | 56     19750261       60593139     -       
8      8      8      8/8    | 4.93      49.90     29.11     2.03      85.98        3.19      | 11216380 0        1444659  0        0        | 64     19750261       60593139     -       
8      16     0      0/8    | 6.52      70.39     41.33     2.35      120.61       2.28      | 11216380 0        0        1444659  0        | 1      28052657       60593139     -       
8      16     1      1/8    | 6.67      70.45     41.32     2.36      120.81       2.27      | 11216380 0        0        1444659  0        | 8      28052657       60593139     -       
8      16     2      2/8    | 6.69      71.00     33.41     2.37      113.48       2.42      | 11216380 0        1114731  329928   0        | 16     28052657       60593139     -       
8      16     3      3/8    | 6.53      70.24     30.63     2.33      109.75       2.50      | 11216380 0        1393540  51119    0        | 24     28052657       60593139     -       
8      16     4      4/8    | 6.72      70.67     30.86     2.38      110.65       2.48      | 11216380 0        1440999  3660     0        | 32     28052657       60593139     -       
8      16     5      5/8    | 6.83      72.32     29.80     2.42      111.39       2.47      | 11216380 0        1443023  1636     0        | 40     28052657       60593139     -       
8      16     6      6/8    | 6.55      70.97     29.77     2.36      109.67       2.50      | 11216380 0        1444610  49       0        | 48     28052657       60593139     -       
8      16     7      7/8    | 6.54      71.01     29.74     2.34      109.64       2.51      | 11216380 0        1444659  0        0        | 56     28052657       60593139     -       
8      16     8      8/8    | 6.70      71.43     29.73     2.34      110.22       2.49      | 11216380 0        1444659  0        0        | 64     28052657       60593139     -       
8      32     0      0/8    | 9.70      102.06    51.90     2.75      166.43       1.65      | 11216380 0        0        1444659  0        | 1      39833067       60593139     -       
8      32     1      1/8    | 9.90      105.02    54.60     2.88      172.46       1.59      | 11216380 0        0        1444659  0        | 8      39833067       60593139     -       
8      32     2      2/8    | 9.72      103.06    36.20     2.77      151.76       1.81      | 11216380 0        1114731  329928   0        | 16     39833067       60593139     -       
8      32     3      3/8    | 9.76      102.27    30.79     2.75      145.59       1.89      | 11216380 0        1393540  51119    0        | 24     39833067       60593139     -       
8      32     4      4/8    | 9.92      101.95    28.90     2.84      143.63       1.91      | 11216380 0        1440999  3660     0        | 32     39833067       60593139     -       
8      32     5      5/8    | 9.91      103.57    28.89     2.95      145.34       1.89      | 11216380 0        1443023  1636     0        | 40     39833067       60593139     -       
8      32     6      6/8    | 9.73      102.77    28.78     2.79      144.09       1.91      | 11216380 0        1444610  49       0        | 48     39833067       60593139     -       
8      32     7      7/8    | 9.68      102.42    28.54     2.79      143.45       1.91      | 11216380 0        1444659  0        0        | 56     39833067       60593139     -       
8      32     8      8/8    | 9.71      102.06    28.53     2.77      143.09       1.92      | 11216380 0        1444659  0        0        | 64     39833067       60593139     -       
16     8      0      0/8    | 3.05      21.45     32.99     1.85      59.37        4.63      | 5721897  0        0        253470   0        | 1      8159065        60593139     -       
16     8      1      1/8    | 2.72      21.50     32.98     1.73      58.95        4.66      | 5721897  0        0        253470   0        | 32     8159065        60593139     -       
16     8      2      2/8    | 3.02      21.13     29.44     1.88      55.49        4.95      | 5721897  0        240631   12839    0        | 64     8159065        60593139     -       
16     8      3      3/8    | 2.88      21.19     29.27     1.77      55.12        4.98      | 5721897  0        252079   1391     0        | 96     8159065        60593139     -       
16     8      4      4/8    | 3.01      21.65     29.34     1.82      55.83        4.92      | 5721897  0        253436   34       0        | 128    8159065        60593139     -       
16     8      5      5/8    | 2.75      21.31     29.28     1.74      55.10        4.98      | 5721897  0        253470   0        0        | 160    8159065        60593139     -       
16     8      6      6/8    | 3.03      21.89     29.34     1.83      56.11        4.89      | 5721897  0        253470   0        0        | 192    8159065        60593139     -       
16     8      7      7/8    | 3.04      22.50     29.30     2.49      57.36        4.79      | 5721897  0        253470   0        0        | 224    8159065        60593139     -       
16     8      8      8/8    | 2.87      21.16     29.32     1.79      55.15        4.98      | 5721897  0        253470   0        0        | 256    8159065        60593139     -       
16     16     0      0/8    | 2.69      24.57     25.61     1.91      54.79        5.01      | 5721897  0        0        253470   0        | 1      9669837        60593139     -       
16     16     1      1/8    | 2.86      26.40     25.61     2.04      56.93        4.82      | 5721897  0        0        253470   0        | 32     9669837        60593139     -       
16     16     2      2/8    | 2.70      24.75     20.61     1.92      50.00        5.49      | 5721897  0        240631   12839    0        | 64     9669837        60593139     -       
16     16     3      3/8    | 2.72      25.24     20.42     1.93      50.33        5.46      | 5721897  0        252079   1391     0        | 96     9669837        60593139     -       
16     16     4      4/8    | 2.71      25.07     20.30     1.85      49.94        5.50      | 5721897  0        253436   34       0        | 128    9669837        60593139     -       
16     16     5      5/8    | 2.71      24.72     20.25     1.90      49.60        5.54      | 5721897  0        253470   0        0        | 160    9669837        60593139     -       
16     16     6      6/8    | 2.75      24.44     20.22     1.84      49.27        5.57      | 5721897  0        253470   0        0        | 192    9669837        60593139     -       
16     16     7      7/8    | 2.73      24.44     20.23     1.84      49.26        5.58      | 5721897  0        253470   0        0        | 224    9669837        60593139     -       
16     16     8      8/8    | 2.60      24.60     20.23     1.84      49.29        5.57      | 5721897  0        253470   0        0        | 256    9669837        60593139     -       
16     32     0      0/8    | 3.30      32.37     32.03     2.25      69.97        3.93      | 5721897  0        0        253470   0        | 1      12479081       60593139     -       
16     32     1      1/8    | 3.09      32.27     31.99     2.19      69.56        3.95      | 5721897  0        0        253470   0        | 32     12479081       60593139     -       
16     32     2      2/8    | 3.08      32.15     19.41     2.21      56.87        4.83      | 5721897  0        240631   12839    0        | 64     12479081       60593139     -       
16     32     3      3/8    | 3.17      32.18     18.50     2.19      56.07        4.90      | 5721897  0        252079   1391     0        | 96     12479081       60593139     -       
16     32     4      4/8    | 3.05      32.15     18.32     2.18      55.72        4.93      | 5721897  0        253436   34       0        | 128    12479081       60593139     -       
16     32     5      5/8    | 3.08      32.10     17.82     2.19      55.21        4.98      | 5721897  0        253470   0        0        | 160    12479081       60593139     -       
16     32     6      6/8    | 3.11      32.38     17.82     2.35      55.68        4.93      | 5721897  0        253470   0        0        | 192    12479081       60593139     -       
16     32     7      7/8    | 3.07      32.30     17.83     2.21      55.43        4.96      | 5721897  0        253470   0        0        | 224    12479081       60593139     -       
16     32     8      8/8    | 3.30      31.94     17.85     2.25      55.36        4.96      | 5721897  0        253470   0        0        | 256    12479081       60593139     -       
32     8      0      0/8    | 0.60      13.09     30.54     1.81      46.06        5.96      | 2403076  0        0        22025    0        | 1      3256767        60593139     -       
32     8      1      1/8    | 0.60      13.28     30.53     1.80      46.22        5.94      | 2403076  0        0        22025    0        | 128    3256767        60593139     -       
32     8      2      2/8    | 0.59      13.03     29.31     1.80      44.75        6.14      | 2403076  0        21043    982      0        | 256    3256767        60593139     -       
32     8      3      3/8    | 0.61      13.05     29.32     1.77      44.77        6.13      | 2403076  0        22001    24       0        | 384    3256767        60593139     -       
32     8      4      4/8    | 0.59      13.30     29.22     1.81      44.94        6.11      | 2403076  0        22025    0        0        | 512    3256767        60593139     -       
32     8      5      5/8    | 0.58      13.28     29.28     1.78      44.94        6.11      | 2403076  0        22025    0        0        | 640    3256767        60593139     -       
32     8      6      6/8    | 0.65      13.34     29.30     1.87      45.17        6.08      | 2403076  0        22025    0        0        | 768    3256767        60593139     -       
32     8      7      7/8    | 0.59      13.19     29.27     1.83      44.90        6.12      | 2403076  0        22025    0        0        | 896    3256767        60593139     -       
32     8      8      8/8    | 0.63      13.16     29.30     1.86      44.97        6.11      | 2403076  0        22025    0        0        | 1024   3256767        60593139     -       
32     16     0      0/8    | 0.49      11.36     27.05     1.85      40.77        6.74      | 2403076  0        0        22025    0        | 1      3628377        60593139     -       
32     16     1      1/8    | 0.51      11.09     27.05     1.87      40.53        6.78      | 2403076  0        0        22025    0        | 128    3628377        60593139     -       
32     16     2      2/8    | 0.50      10.99     23.76     1.88      37.14        7.40      | 2403076  0        21043    982      0        | 256    3628377        60593139     -       
32     16     3      3/8    | 0.48      11.34     23.63     1.87      37.35        7.35      | 2403076  0        22001    24       0        | 384    3628377        60593139     -       
32     16     4      4/8    | 0.56      11.23     23.51     1.92      37.23        7.38      | 2403076  0        22025    0        0        | 512    3628377        60593139     -       
32     16     5      5/8    | 0.49      11.15     23.51     1.85      37.02        7.42      | 2403076  0        22025    0        0        | 640    3628377        60593139     -       
32     16     6      6/8    | 0.50      11.08     23.50     1.87      36.97        7.43      | 2403076  0        22025    0        0        | 768    3628377        60593139     -       
32     16     7      7/8    | 0.58      11.05     23.52     2.00      37.18        7.39      | 2403076  0        22025    0        0        | 896    3628377        60593139     -       
32     16     8      8/8    | 0.49      11.08     23.52     1.88      36.99        7.43      | 2403076  0        22025    0        0        | 1024   3628377        60593139     -       
32     32     0      0/8    | 0.44      10.91     20.26     1.96      33.59        8.18      | 2403076  0        0        22025    0        | 1      4182029        60593139     -       
32     32     1      1/8    | 0.54      10.65     20.27     2.02      33.50        8.20      | 2403076  0        0        22025    0        | 128    4182029        60593139     -       
32     32     2      2/8    | 0.46      10.55     15.20     2.00      28.23        9.73      | 2403076  0        21043    982      0        | 256    4182029        60593139     -       
32     32     3      3/8    | 0.53      10.95     15.00     2.02      28.51        9.63      | 2403076  0        22001    24       0        | 384    4182029        60593139     -       
32     32     4      4/8    | 0.45      10.96     14.80     1.98      28.22        9.73      | 2403076  0        22025    0        0        | 512    4182029        60593139     -       
32     32     5      5/8    | 0.46      10.90     14.79     1.98      28.14        9.76      | 2403076  0        22025    0        0        | 640    4182029        60593139     -       
32     32     6      6/8    | 0.46      10.95     14.81     1.99      28.22        9.73      | 2403076  0        22025    0        0        | 768    4182029        60593139     -       
32     32     7      7/8    | 0.45      10.97     14.81     1.96      28.20        9.74      | 2403076  0        22025    0        0        | 896    4182029        60593139     -       
32     32     8      8/8    | 0.46      10.91     14.81     1.96      28.16        9.75      | 2403076  0        22025    0        0        | 1024   4182029        60593139     -       
