# Matrix: delaunay_n19
# Path: /home/stu1/Dataset/training_dataset/500k-1M-0.001/delaunay_n19.mtx
# Category: 500k-1M-0.001
# Date: 2026-03-08 13:56:12
# Configs: 81 (9 tiles x 9 TC thresholds)
# Version: AdaSpGEMM_new
#
# Rows: 524288
# Cols: 524288
# NNZ(A): 3145646
# NNZ(C) estimate: 19812480
#
tile_m tile_n tc_frc tc     | step1_ms  step2_ms  step3_ms  malloc    total_ms     gflops    | n_tiny   n_sml    n_lrg    n_dns    n_ful    | th_lrg tiles_C        nnzC         error   
-----------------------------------------------------------------------------------------------------------------------------------------------------------------------------------------
8      8      0      0/8    | 1.53      9.16      5.86      1.06      17.63        2.25      | 833143   0        0        415917   62       | 1      3679178        10856500     -       
8      8      1      1/8    | 1.42      13.21     5.86      1.09      21.60        1.83      | 833143   0        0        415917   62       | 8      3679178        10856500     -       
8      8      2      2/8    | 1.40      12.96     4.91      1.08      20.36        1.95      | 833143   0        216709   199208   62       | 16     3679178        10856500     -       
8      8      3      3/8    | 1.52      12.20     4.31      1.03      19.09        2.08      | 833143   0        333459   82458    62       | 24     3679178        10856500     -       
8      8      4      4/8    | 1.42      13.01     4.38      1.10      19.92        1.99      | 833143   0        365731   50186    62       | 32     3679178        10856500     -       
8      8      5      5/8    | 1.40      11.60     4.02      1.10      18.14        2.18      | 833143   0        378832   37085    62       | 40     3679178        10856500     -       
8      8      6      6/8    | 1.52      9.18      3.88      1.12      15.72        2.52      | 833143   0        400461   15456    62       | 48     3679178        10856500     -       
8      8      7      7/8    | 1.45      13.03     3.75      1.11      19.36        2.05      | 833143   0        414006   1911     62       | 56     3679178        10856500     -       
8      8      8      8/8    | 1.69      9.31      3.75      1.14      15.90        2.49      | 833143   0        415979   0        0        | 64     3679178        10856500     -       
8      16     0      0/8    | 1.37      14.32     6.60      1.09      23.41        1.69      | 833143   0        0        415917   62       | 1      5758014        10856500     -       
8      16     1      1/8    | 1.36      14.37     6.60      1.09      23.43        1.69      | 833143   0        0        415917   62       | 8      5758014        10856500     -       
8      16     2      2/8    | 1.39      37.42     5.30      1.16      45.29        0.87      | 833143   0        216709   199208   62       | 16     5758014        10856500     -       
8      16     3      3/8    | 1.58      18.37     4.46      1.14      25.57        1.55      | 833143   0        333459   82458    62       | 24     5758014        10856500     -       
8      16     4      4/8    | 1.38      15.02     4.42      1.13      21.97        1.80      | 833143   0        365731   50186    62       | 32     5758014        10856500     -       
8      16     5      5/8    | 1.41      34.49     4.09      1.20      41.21        0.96      | 833143   0        378832   37085    62       | 40     5758014        10856500     -       
8      16     6      6/8    | 1.40      18.94     3.83      1.14      25.33        1.56      | 833143   0        400461   15456    62       | 48     5758014        10856500     -       
8      16     7      7/8    | 1.54      18.75     3.69      1.13      25.12        1.58      | 833143   0        414006   1911     62       | 56     5758014        10856500     -       
8      16     8      8/8    | 1.41      18.73     3.66      1.14      24.96        1.59      | 833143   0        415979   0        0        | 64     5758014        10856500     -       
8      32     0      0/8    | 1.69      29.51     9.55      1.30      42.08        0.94      | 833143   0        0        415917   62       | 1      9552088        10856500     -       
8      32     1      1/8    | 1.68      29.46     9.56      1.30      42.01        0.94      | 833143   0        0        415917   62       | 8      9552088        10856500     -       
8      32     2      2/8    | 1.86      24.72     6.92      1.32      34.85        1.14      | 833143   0        216709   199208   62       | 16     9552088        10856500     -       
8      32     3      3/8    | 1.70      24.28     5.37      1.26      32.62        1.21      | 833143   0        333459   82458    62       | 24     9552088        10856500     -       
8      32     4      4/8    | 1.70      30.26     4.86      1.28      38.12        1.04      | 833143   0        365731   50186    62       | 32     9552088        10856500     -       
8      32     5      5/8    | 1.73      24.62     4.57      1.30      32.24        1.23      | 833143   0        378832   37085    62       | 40     9552088        10856500     -       
8      32     6      6/8    | 1.69      24.45     4.10      1.26      31.52        1.26      | 833143   0        400461   15456    62       | 48     9552088        10856500     -       
8      32     7      7/8    | 1.82      24.46     3.83      1.26      31.38        1.26      | 833143   0        414006   1911     62       | 56     9552088        10856500     -       
8      32     8      8/8    | 1.69      24.25     3.73      1.28      30.97        1.28      | 833143   0        415979   0        0        | 64     9552088        10856500     -       
16     8      0      0/8    | 1.14      4.13      4.82      1.00      11.09        3.57      | 539823   0        0        97881    0        | 1      1652686        10856500     -       
16     8      1      1/8    | 1.25      5.99      4.84      1.08      13.19        3.00      | 539823   0        0        97881    0        | 32     1652686        10856500     -       
16     8      2      2/8    | 1.38      5.76      3.83      1.10      12.08        3.28      | 539823   0        70590    27291    0        | 64     1652686        10856500     -       
16     8      3      3/8    | 1.17      4.35      3.76      1.03      10.33        3.84      | 539823   0        74013    23868    0        | 96     1652686        10856500     -       
16     8      4      4/8    | 1.14      4.46      3.49      1.02      10.13        3.91      | 539823   0        87320    10561    0        | 128    1652686        10856500     -       
16     8      5      5/8    | 1.28      4.42      3.32      1.12      10.17        3.90      | 539823   0        97559    322      0        | 160    1652686        10856500     -       
16     8      6      6/8    | 1.16      4.23      3.27      1.08      9.75         4.06      | 539823   0        97881    0        0        | 192    1652686        10856500     -       
16     8      7      7/8    | 1.15      4.24      3.26      1.01      9.68         4.09      | 539823   0        97881    0        0        | 224    1652686        10856500     -       
16     8      8      8/8    | 1.29      6.35      3.29      1.09      12.04        3.29      | 539823   0        97881    0        0        | 256    1652686        10856500     -       
16     16     0      0/8    | 1.02      8.08      4.67      1.06      14.84        2.67      | 539823   0        0        97881    0        | 1      2549402        10856500     -       
16     16     1      1/8    | 1.24      6.74      4.68      1.08      13.76        2.88      | 539823   0        0        97881    0        | 32     2549402        10856500     -       
16     16     2      2/8    | 1.08      6.40      3.54      1.12      12.15        3.26      | 539823   0        70590    27291    0        | 64     2549402        10856500     -       
16     16     3      3/8    | 1.04      6.32      3.46      1.06      11.89        3.33      | 539823   0        74013    23868    0        | 96     2549402        10856500     -       
16     16     4      4/8    | 1.07      8.51      3.20      1.08      13.88        2.85      | 539823   0        87320    10561    0        | 128    2549402        10856500     -       
16     16     5      5/8    | 1.02      8.57      3.02      1.04      13.67        2.90      | 539823   0        97559    322      0        | 160    2549402        10856500     -       
16     16     6      6/8    | 1.18      8.28      2.93      1.05      13.47        2.94      | 539823   0        97881    0        0        | 192    2549402        10856500     -       
16     16     7      7/8    | 1.05      8.11      2.94      1.04      13.15        3.01      | 539823   0        97881    0        0        | 224    2549402        10856500     -       
16     16     8      8/8    | 1.03      8.20      2.94      1.04      13.22        3.00      | 539823   0        97881    0        0        | 256    2549402        10856500     -       
16     32     0      0/8    | 1.13      13.27     7.36      1.18      22.95        1.73      | 539823   0        0        97881    0        | 1      4188222        10856500     -       
16     32     1      1/8    | 1.09      13.28     7.36      1.15      22.90        1.73      | 539823   0        0        97881    0        | 32     4188222        10856500     -       
16     32     2      2/8    | 1.07      13.17     4.51      1.19      19.96        1.99      | 539823   0        70590    27291    0        | 64     4188222        10856500     -       
16     32     3      3/8    | 1.15      13.15     4.30      1.21      19.83        2.00      | 539823   0        74013    23868    0        | 96     4188222        10856500     -       
16     32     4      4/8    | 1.14      13.39     3.52      1.18      19.25        2.06      | 539823   0        87320    10561    0        | 128    4188222        10856500     -       
16     32     5      5/8    | 1.12      13.26     3.00      1.20      18.60        2.13      | 539823   0        97559    322      0        | 160    4188222        10856500     -       
16     32     6      6/8    | 1.09      13.21     2.79      1.16      18.27        2.17      | 539823   0        97881    0        0        | 192    4188222        10856500     -       
16     32     7      7/8    | 1.28      13.77     2.79      1.16      19.02        2.08      | 539823   0        97881    0        0        | 224    4188222        10856500     -       
16     32     8      8/8    | 1.19      10.87     2.79      1.20      16.07        2.47      | 539823   0        97881    0        0        | 256    4188222        10856500     -       
32     8      0      0/8    | 0.38      2.95      5.45      1.13      9.93         3.99      | 316140   0        0        14336    0        | 1      757314         10856500     -       
32     8      1      1/8    | 0.48      2.79      5.43      1.04      9.75         4.06      | 316140   0        0        14336    0        | 128    757314         10856500     -       
32     8      2      2/8    | 0.55      2.10      5.19      1.17      9.03         4.39      | 316140   0        2257     12079    0        | 256    757314         10856500     -       
32     8      3      3/8    | 0.42      2.92      3.32      1.16      7.83         5.06      | 316140   0        14231    105      0        | 384    757314         10856500     -       
32     8      4      4/8    | 0.48      2.84      3.00      1.04      7.37         5.38      | 316140   0        14336    0        0        | 512    757314         10856500     -       
32     8      5      5/8    | 0.48      2.81      3.00      1.03      7.33         5.41      | 316140   0        14336    0        0        | 640    757314         10856500     -       
32     8      6      6/8    | 0.48      2.81      3.00      1.04      7.34         5.40      | 316140   0        14336    0        0        | 768    757314         10856500     -       
32     8      7      7/8    | 0.55      2.04      3.02      1.16      6.79         5.83      | 316140   0        14336    0        0        | 896    757314         10856500     -       
32     8      8      8/8    | 0.47      2.04      3.00      1.02      6.54         6.06      | 316140   0        14336    0        0        | 1024   757314         10856500     -       
32     16     0      0/8    | 0.36      4.26      6.32      1.19      12.14        3.26      | 316140   0        0        14336    0        | 1      1145200        10856500     -       
32     16     1      1/8    | 0.48      3.87      6.33      1.18      11.87        3.34      | 316140   0        0        14336    0        | 128    1145200        10856500     -       
32     16     2      2/8    | 0.45      3.90      5.77      1.09      11.22        3.53      | 316140   0        2257     12079    0        | 256    1145200        10856500     -       
32     16     3      3/8    | 0.39      3.01      3.24      1.15      7.82         5.07      | 316140   0        14231    105      0        | 384    1145200        10856500     -       
32     16     4      4/8    | 0.45      2.98      2.90      1.10      7.44         5.33      | 316140   0        14336    0        0        | 512    1145200        10856500     -       
32     16     5      5/8    | 0.31      2.95      2.90      1.12      7.29         5.44      | 316140   0        14336    0        0        | 640    1145200        10856500     -       
32     16     6      6/8    | 0.31      2.92      2.90      1.11      7.26         5.46      | 316140   0        14336    0        0        | 768    1145200        10856500     -       
32     16     7      7/8    | 0.45      3.00      2.90      1.08      7.45         5.32      | 316140   0        14336    0        0        | 896    1145200        10856500     -       
32     16     8      8/8    | 0.31      2.91      2.90      1.08      7.22         5.49      | 316140   0        14336    0        0        | 1024   1145200        10856500     -       
32     32     0      0/8    | 0.32      7.26      5.62      1.27      14.48        2.74      | 316140   0        0        14336    0        | 1      1868230        10856500     -       
32     32     1      1/8    | 0.31      6.51      5.65      1.28      13.75        2.88      | 316140   0        0        14336    0        | 128    1868230        10856500     -       
32     32     2      2/8    | 0.48      4.79      5.20      1.25      11.74        3.37      | 316140   0        2257     12079    0        | 256    1868230        10856500     -       
32     32     3      3/8    | 0.29      4.88      2.84      1.21      9.24         4.29      | 316140   0        14231    105      0        | 384    1868230        10856500     -       
32     32     4      4/8    | 0.29      4.92      2.64      1.20      9.06         4.37      | 316140   0        14336    0        0        | 512    1868230        10856500     -       
32     32     5      5/8    | 0.29      4.76      2.64      1.22      8.94         4.43      | 316140   0        14336    0        0        | 640    1868230        10856500     -       
32     32     6      6/8    | 0.37      6.75      2.67      1.35      11.17        3.55      | 316140   0        14336    0        0        | 768    1868230        10856500     -       
32     32     7      7/8    | 0.45      6.58      2.65      1.24      10.93        3.63      | 316140   0        14336    0        0        | 896    1868230        10856500     -       
32     32     8      8/8    | 0.30      6.58      2.65      1.25      10.80        3.67      | 316140   0        14336    0        0        | 1024   1868230        10856500     -       
