# Matrix: CurlCurl_2
# Path: /home/stu1/Dataset/training_dataset/500k-1M-0.001/CurlCurl_2.mtx
# Category: 500k-1M-0.001
# Date: 2026-03-08 13:52:42
# Configs: 81 (9 tiles x 9 TC thresholds)
# Version: AdaSpGEMM_new
#
# Rows: 806529
# Cols: 806529
# NNZ(A): 8921789
# NNZ(C) estimate: 99377487
#
tile_m tile_n tc_frc tc     | step1_ms  step2_ms  step3_ms  malloc    total_ms     gflops    | n_tiny   n_sml    n_lrg    n_dns    n_ful    | th_lrg tiles_C        nnzC         error   
-----------------------------------------------------------------------------------------------------------------------------------------------------------------------------------------
8      8      0      0/8    | 2.09      17.80     15.21     1.36      36.47        5.45      | 1144783  0        0        1835458  0        | 1      5387817        44546339     -       
8      8      1      1/8    | 2.25      13.89     15.23     1.44      32.83        6.05      | 1144783  0        0        1835458  0        | 8      5387817        44546339     -       
8      8      2      2/8    | 2.16      17.88     14.12     1.40      35.58        5.59      | 1144783  0        610550   1224908  0        | 16     5387817        44546339     -       
8      8      3      3/8    | 2.08      17.38     12.78     1.38      33.64        5.91      | 1144783  0        1179004  656454   0        | 24     5387817        44546339     -       
8      8      4      4/8    | 2.10      16.88     12.13     1.38      32.51        6.11      | 1144783  0        1622775  212683   0        | 32     5387817        44546339     -       
8      8      5      5/8    | 2.08      16.95     10.35     1.38      30.78        6.46      | 1144783  0        1777186  58272    0        | 40     5387817        44546339     -       
8      8      6      6/8    | 2.23      13.92     9.85      1.47      27.50        7.23      | 1144783  0        1833400  2058     0        | 48     5387817        44546339     -       
8      8      7      7/8    | 2.13      13.46     9.80      1.37      26.77        7.42      | 1144783  0        1835458  0        0        | 56     5387817        44546339     -       
8      8      8      8/8    | 2.23      17.90     9.83      1.43      31.42        6.33      | 1144783  0        1835458  0        0        | 64     5387817        44546339     -       
8      16     0      0/8    | 1.97      22.05     16.52     1.46      42.01        4.73      | 1144783  0        0        1835458  0        | 1      6955627        44546339     -       
8      16     1      1/8    | 1.78      21.69     16.52     1.40      41.41        4.80      | 1144783  0        0        1835458  0        | 8      6955627        44546339     -       
8      16     2      2/8    | 2.11      25.15     14.80     1.58      43.67        4.55      | 1144783  0        610550   1224908  0        | 16     6955627        44546339     -       
8      16     3      3/8    | 1.96      17.27     12.93     1.42      33.60        5.91      | 1144783  0        1179004  656454   0        | 24     6955627        44546339     -       
8      16     4      4/8    | 1.86      17.20     11.69     1.46      32.22        6.17      | 1144783  0        1622775  212683   0        | 32     6955627        44546339     -       
8      16     5      5/8    | 1.97      17.28     9.69      1.45      30.40        6.54      | 1144783  0        1777186  58272    0        | 40     6955627        44546339     -       
8      16     6      6/8    | 1.86      17.18     9.01      1.47      29.54        6.73      | 1144783  0        1833400  2058     0        | 48     6955627        44546339     -       
8      16     7      7/8    | 2.01      21.75     8.98      1.51      34.27        5.80      | 1144783  0        1835458  0        0        | 56     6955627        44546339     -       
8      16     8      8/8    | 2.12      17.55     9.01      1.52      30.21        6.58      | 1144783  0        1835458  0        0        | 64     6955627        44546339     -       
8      32     0      0/8    | 1.79      25.20     24.54     1.58      53.13        3.74      | 1144783  0        0        1835458  0        | 1      10021203       44546339     -       
8      32     1      1/8    | 1.93      25.04     24.54     1.52      53.05        3.75      | 1144783  0        0        1835458  0        | 8      10021203       44546339     -       
8      32     2      2/8    | 1.77      24.74     21.07     1.53      49.12        4.05      | 1144783  0        610550   1224908  0        | 16     10021203       44546339     -       
8      32     3      3/8    | 2.06      31.33     17.68     1.57      52.66        3.77      | 1144783  0        1179004  656454   0        | 24     10021203       44546339     -       
8      32     4      4/8    | 1.76      30.97     13.62     1.56      47.93        4.15      | 1144783  0        1622775  212683   0        | 32     10021203       44546339     -       
8      32     5      5/8    | 2.05      25.18     11.13     1.59      39.98        4.97      | 1144783  0        1777186  58272    0        | 40     10021203       44546339     -       
8      32     6      6/8    | 1.77      25.05     9.63      1.53      38.01        5.23      | 1144783  0        1833400  2058     0        | 48     10021203       44546339     -       
8      32     7      7/8    | 1.79      24.95     9.54      1.53      37.82        5.26      | 1144783  0        1835458  0        0        | 56     10021203       44546339     -       
8      32     8      8/8    | 2.05      31.54     9.57      1.59      44.77        4.44      | 1144783  0        1835458  0        0        | 64     10021203       44546339     -       
16     8      0      0/8    | 1.29      6.42      12.65     1.26      21.64        9.18      | 624693   0        0        604822   0        | 1      1917259        44546339     -       
16     8      1      1/8    | 1.28      6.53      12.65     1.26      21.73        9.15      | 624693   0        0        604822   0        | 32     1917259        44546339     -       
16     8      2      2/8    | 1.29      6.61      10.74     1.30      19.95        9.96      | 624693   0        351024   253798   0        | 64     1917259        44546339     -       
16     8      3      3/8    | 1.30      6.60      8.59      1.28      17.79        11.17     | 624693   0        553603   51219    0        | 96     1917259        44546339     -       
16     8      4      4/8    | 1.31      6.67      8.58      1.33      17.92        11.09     | 624693   0        557279   47543    0        | 128    1917259        44546339     -       
16     8      5      5/8    | 1.30      6.64      7.68      1.30      16.94        11.73     | 624693   0        604697   125      0        | 160    1917259        44546339     -       
16     8      6      6/8    | 1.34      6.47      7.65      1.33      16.79        11.83     | 624693   0        604822   0        0        | 192    1917259        44546339     -       
16     8      7      7/8    | 1.31      6.43      7.64      1.33      16.73        11.88     | 624693   0        604822   0        0        | 224    1917259        44546339     -       
16     8      8      8/8    | 1.30      6.94      7.64      1.26      17.16        11.58     | 624693   0        604822   0        0        | 256    1917259        44546339     -       
16     16     0      0/8    | 1.21      7.54      11.37     1.32      21.46        9.26      | 624693   0        0        604822   0        | 1      2182027        44546339     -       
16     16     1      1/8    | 1.23      7.95      11.37     1.26      21.82        9.11      | 624693   0        0        604822   0        | 32     2182027        44546339     -       
16     16     2      2/8    | 1.21      5.95      9.13      1.37      17.68        11.24     | 624693   0        351024   253798   0        | 64     2182027        44546339     -       
16     16     3      3/8    | 1.19      5.87      7.10      1.24      15.42        12.89     | 624693   0        553603   51219    0        | 96     2182027        44546339     -       
16     16     4      4/8    | 1.04      5.43      7.05      1.24      14.77        13.46     | 624693   0        557279   47543    0        | 128    2182027        44546339     -       
16     16     5      5/8    | 1.28      7.63      6.20      1.29      16.43        12.10     | 624693   0        604697   125      0        | 160    2182027        44546339     -       
16     16     6      6/8    | 1.03      7.57      6.07      1.26      15.94        12.47     | 624693   0        604822   0        0        | 192    2182027        44546339     -       
16     16     7      7/8    | 1.28      5.72      6.09      1.28      14.39        13.81     | 624693   0        604822   0        0        | 224    2182027        44546339     -       
16     16     8      8/8    | 1.30      7.75      6.10      1.28      16.45        12.08     | 624693   0        604822   0        0        | 256    2182027        44546339     -       
16     32     0      0/8    | 0.97      9.50      19.49     1.35      31.32        6.35      | 624693   0        0        604822   0        | 1      2998273        44546339     -       
16     32     1      1/8    | 1.22      8.14      19.51     1.39      30.27        6.57      | 624693   0        0        604822   0        | 32     2998273        44546339     -       
16     32     2      2/8    | 0.96      7.74      12.97     1.35      23.04        8.63      | 624693   0        351024   253798   0        | 64     2998273        44546339     -       
16     32     3      3/8    | 1.10      7.80      8.82      1.35      19.10        10.41     | 624693   0        553603   51219    0        | 96     2998273        44546339     -       
16     32     4      4/8    | 0.96      7.77      8.65      1.35      18.75        10.60     | 624693   0        557279   47543    0        | 128    2998273        44546339     -       
16     32     5      5/8    | 1.11      7.77      5.83      1.38      16.11        12.34     | 624693   0        604697   125      0        | 160    2998273        44546339     -       
16     32     6      6/8    | 0.96      7.75      5.61      1.38      15.71        12.65     | 624693   0        604822   0        0        | 192    2998273        44546339     -       
16     32     7      7/8    | 1.26      7.34      5.63      1.41      15.66        12.69     | 624693   0        604822   0        0        | 224    2998273        44546339     -       
16     32     8      8/8    | 0.95      9.72      5.61      1.41      17.70        11.23     | 624693   0        604822   0        0        | 256    2998273        44546339     -       
32     8      0      0/8    | 1.07      2.97      18.93     1.26      24.26        8.19      | 419165   0        0        122396   0        | 1      774149         44546339     -       
32     8      1      1/8    | 1.06      2.82      18.94     1.21      24.05        8.26      | 419165   0        0        122396   0        | 128    774149         44546339     -       
32     8      2      2/8    | 1.06      2.82      12.96     1.24      18.10        10.98     | 419165   0        97203    25193    0        | 256    774149         44546339     -       
32     8      3      3/8    | 1.06      2.99      8.59      1.23      13.88        14.32     | 419165   0        122339   57       0        | 384    774149         44546339     -       
32     8      4      4/8    | 1.06      2.89      8.24      1.23      13.44        14.79     | 419165   0        122396   0        0        | 512    774149         44546339     -       
32     8      5      5/8    | 1.06      2.85      8.24      1.24      13.41        14.82     | 419165   0        122396   0        0        | 640    774149         44546339     -       
32     8      6      6/8    | 1.06      2.84      8.23      1.21      13.36        14.88     | 419165   0        122396   0        0        | 768    774149         44546339     -       
32     8      7      7/8    | 1.05      2.85      8.24      1.22      13.37        14.87     | 419165   0        122396   0        0        | 896    774149         44546339     -       
32     8      8      8/8    | 1.05      2.82      8.33      1.21      13.41        14.82     | 419165   0        122396   0        0        | 1024   774149         44546339     -       
32     16     0      0/8    | 0.97      3.14      19.35     1.27      24.74        8.04      | 419165   0        0        122396   0        | 1      801187         44546339     -       
32     16     1      1/8    | 0.96      3.13      19.35     1.27      24.72        8.04      | 419165   0        0        122396   0        | 128    801187         44546339     -       
32     16     2      2/8    | 0.98      2.84      12.21     1.28      17.32        11.48     | 419165   0        97203    25193    0        | 256    801187         44546339     -       
32     16     3      3/8    | 0.96      2.97      6.67      1.31      11.94        16.65     | 419165   0        122339   57       0        | 384    801187         44546339     -       
32     16     4      4/8    | 0.95      2.81      6.36      1.26      11.39        17.44     | 419165   0        122396   0        0        | 512    801187         44546339     -       
32     16     5      5/8    | 0.98      3.01      6.37      1.27      11.65        17.06     | 419165   0        122396   0        0        | 640    801187         44546339     -       
32     16     6      6/8    | 0.97      2.92      6.37      1.27      11.54        17.22     | 419165   0        122396   0        0        | 768    801187         44546339     -       
32     16     7      7/8    | 0.95      2.82      6.38      1.28      11.44        17.37     | 419165   0        122396   0        0        | 896    801187         44546339     -       
32     16     8      8/8    | 0.96      3.05      6.41      1.27      11.71        16.98     | 419165   0        122396   0        0        | 1024   801187         44546339     -       
32     32     0      0/8    | 0.88      3.90      16.77     1.34      22.91        8.67      | 419165   0        0        122396   0        | 1      1090657        44546339     -       
32     32     1      1/8    | 1.05      2.96      16.80     1.41      22.24        8.94      | 419165   0        0        122396   0        | 128    1090657        44546339     -       
32     32     2      2/8    | 0.89      2.99      10.39     1.34      15.62        12.73     | 419165   0        97203    25193    0        | 256    1090657        44546339     -       
32     32     3      3/8    | 0.73      2.87      5.71      1.29      10.63        18.70     | 419165   0        122339   57       0        | 384    1090657        44546339     -       
32     32     4      4/8    | 0.92      4.17      5.54      1.34      11.99        16.57     | 419165   0        122396   0        0        | 512    1090657        44546339     -       
32     32     5      5/8    | 0.87      3.81      5.54      1.31      11.54        17.22     | 419165   0        122396   0        0        | 640    1090657        44546339     -       
32     32     6      6/8    | 0.90      3.82      5.54      1.34      11.62        17.11     | 419165   0        122396   0        0        | 768    1090657        44546339     -       
32     32     7      7/8    | 1.04      2.96      5.57      1.40      10.99        18.08     | 419165   0        122396   0        0        | 896    1090657        44546339     -       
32     32     8      8/8    | 0.81      2.98      5.57      1.39      10.77        18.46     | 419165   0        122396   0        0        | 1024   1090657        44546339     -       
