# Matrix: af_5_k101
# Path: /home/stu1/Dataset/training_dataset/500k-1M-0.001-0.01/af_5_k101.mtx
# Category: 500k-1M-0.001-0.01
# Date: 2026-03-08 07:19:13
# Configs: 81 (9 tiles x 9 TC thresholds)
# Version: AdaSpGEMM_new
#
# Rows: 503625
# Cols: 503625
# NNZ(A): 17550675
# NNZ(C) estimate: 612413375
#
tile_m tile_n tc_frc tc     | step1_ms  step2_ms  step3_ms  malloc    total_ms     gflops    | n_tiny   n_sml    n_lrg    n_dns    n_ful    | th_lrg tiles_C        nnzC         error   
-----------------------------------------------------------------------------------------------------------------------------------------------------------------------------------------
8      8      0      0/8    | 1.23      3.34      7.90      1.25      13.74        89.16     | 199223   0        0        853295   236600   | 1      1720190        47472025     -       
8      8      1      1/8    | 1.38      3.78      7.93      1.36      14.46        84.69     | 199223   0        0        853295   236600   | 8      1720190        47472025     -       
8      8      2      2/8    | 1.24      5.75      7.91      1.26      16.19        75.67     | 199223   0        151630   701665   236600   | 16     1720190        47472025     -       
8      8      3      3/8    | 1.21      3.16      7.85      1.21      13.45        91.08     | 199223   0        277428   575867   236600   | 24     1720190        47472025     -       
8      8      4      4/8    | 1.22      3.08      8.16      1.23      13.70        89.38     | 199223   0        404540   448755   236600   | 32     1720190        47472025     -       
8      8      5      5/8    | 1.08      3.19      8.00      1.23      13.51        90.67     | 199223   0        454458   398837   236600   | 40     1720190        47472025     -       
8      8      6      6/8    | 1.22      3.35      8.42      1.21      14.22        86.15     | 199223   0        605564   247731   236600   | 48     1720190        47472025     -       
8      8      7      7/8    | 1.36      3.81      9.21      1.32      15.72        77.93     | 199223   0        729334   123961   236600   | 56     1720190        47472025     -       
8      8      8      8/8    | 1.22      3.58      14.12     1.23      20.18        60.70     | 199223   0        1089895  0        0        | 64     1720190        47472025     -       
8      16     0      0/8    | 1.15      3.97      8.09      1.24      14.47        84.63     | 199223   0        0        853295   236600   | 1      2045004        47472025     -       
8      16     1      1/8    | 1.16      3.94      8.10      1.25      14.46        84.72     | 199223   0        0        853295   236600   | 8      2045004        47472025     -       
8      16     2      2/8    | 1.01      3.89      7.99      1.27      14.18        86.38     | 199223   0        151630   701665   236600   | 16     2045004        47472025     -       
8      16     3      3/8    | 1.15      3.92      7.88      1.25      14.22        86.16     | 199223   0        277428   575867   236600   | 24     2045004        47472025     -       
8      16     4      4/8    | 1.27      6.33      8.13      1.41      17.17        71.34     | 199223   0        404540   448755   236600   | 32     2045004        47472025     -       
8      16     5      5/8    | 1.30      7.16      7.96      1.50      17.95        68.24     | 199223   0        454458   398837   236600   | 40     2045004        47472025     -       
8      16     6      6/8    | 1.15      4.29      8.34      1.26      15.05        81.38     | 199223   0        605564   247731   236600   | 48     2045004        47472025     -       
8      16     7      7/8    | 1.14      6.44      9.11      1.45      18.16        67.43     | 199223   0        729334   123961   236600   | 56     2045004        47472025     -       
8      16     8      8/8    | 1.29      6.85      14.00     1.40      23.55        52.02     | 199223   0        1089895  0        0        | 64     2045004        47472025     -       
8      32     0      0/8    | 0.94      7.69      14.19     1.22      24.05        50.92     | 199223   0        0        853295   236600   | 1      3018440        47472025     -       
8      32     1      1/8    | 0.94      7.68      14.19     1.23      24.07        50.89     | 199223   0        0        853295   236600   | 8      3018440        47472025     -       
8      32     2      2/8    | 0.97      7.67      13.51     1.22      23.39        52.36     | 199223   0        151630   701665   236600   | 16     3018440        47472025     -       
8      32     3      3/8    | 0.94      7.72      12.99     1.22      22.89        53.50     | 199223   0        277428   575867   236600   | 24     3018440        47472025     -       
8      32     4      4/8    | 0.94      7.67      12.85     1.27      22.75        53.85     | 199223   0        404540   448755   236600   | 32     3018440        47472025     -       
8      32     5      5/8    | 0.97      7.75      12.88     1.29      22.91        53.46     | 199223   0        454458   398837   236600   | 40     3018440        47472025     -       
8      32     6      6/8    | 0.94      7.68      12.86     1.22      22.73        53.89     | 199223   0        605564   247731   236600   | 48     3018440        47472025     -       
8      32     7      7/8    | 1.11      11.67     12.80     1.36      26.98        45.41     | 199223   0        729334   123961   236600   | 56     3018440        47472025     -       
8      32     8      8/8    | 0.94      7.53      14.17     1.30      23.96        51.12     | 199223   0        1089895  0        0        | 64     3018440        47472025     -       
16     8      0      0/8    | 1.04      1.91      6.25      1.30      10.52        116.44    | 26854    0        0        406387   0        | 1      583573         47472025     -       
16     8      1      1/8    | 0.90      1.84      6.22      1.21      10.19        120.23    | 26854    0        0        406387   0        | 32     583573         47472025     -       
16     8      2      2/8    | 0.89      1.82      6.35      1.20      10.28        119.20    | 26854    0        125108   281279   0        | 64     583573         47472025     -       
16     8      3      3/8    | 0.75      1.95      7.03      1.20      10.94        111.94    | 26854    0        188251   218136   0        | 96     583573         47472025     -       
16     8      4      4/8    | 1.03      1.86      7.95      1.27      12.13        100.97    | 26854    0        300013   106374   0        | 128    583573         47472025     -       
16     8      5      5/8    | 0.88      1.75      8.04      1.19      11.88        103.06    | 26854    0        313027   93360    0        | 160    583573         47472025     -       
16     8      6      6/8    | 0.90      1.61      8.04      1.18      11.74        104.29    | 26854    0        313401   92986    0        | 192    583573         47472025     -       
16     8      7      7/8    | 1.02      1.81      8.10      1.30      12.24        100.05    | 26854    0        313845   92542    0        | 224    583573         47472025     -       
16     8      8      8/8    | 0.89      1.83      12.25     1.21      16.20        75.62     | 26854    0        406387   0        0        | 256    583573         47472025     -       
16     16     0      0/8    | 0.88      1.92      5.99      1.20      10.00        122.52    | 26854    0        0        406387   0        | 1      734993         47472025     -       
16     16     1      1/8    | 0.94      2.11      6.00      1.36      10.43        117.44    | 26854    0        0        406387   0        | 32     734993         47472025     -       
16     16     2      2/8    | 0.88      1.84      6.17      1.19      10.09        121.37    | 26854    0        125108   281279   0        | 64     734993         47472025     -       
16     16     3      3/8    | 0.88      1.87      6.89      1.19      10.85        112.92    | 26854    0        188251   218136   0        | 96     734993         47472025     -       
16     16     4      4/8    | 0.88      1.83      7.84      1.19      11.76        104.15    | 26854    0        300013   106374   0        | 128    734993         47472025     -       
16     16     5      5/8    | 0.73      1.83      7.96      1.22      11.76        104.16    | 26854    0        313027   93360    0        | 160    734993         47472025     -       
16     16     6      6/8    | 0.89      1.89      7.97      1.19      11.96        102.45    | 26854    0        313401   92986    0        | 192    734993         47472025     -       
16     16     7      7/8    | 1.11      1.96      8.01      1.41      12.51        97.88     | 26854    0        313845   92542    0        | 224    734993         47472025     -       
16     16     8      8/8    | 0.89      1.93      12.99     1.19      17.02        71.94     | 26854    0        406387   0        0        | 256    734993         47472025     -       
16     32     0      0/8    | 0.84      2.52      12.21     1.26      16.89        72.52     | 26854    0        0        406387   0        | 1      942247         47472025     -       
16     32     1      1/8    | 0.91      2.47      11.51     1.27      16.18        75.69     | 26854    0        0        406387   0        | 32     942247         47472025     -       
16     32     2      2/8    | 0.87      2.45      10.73     1.23      15.30        80.03     | 26854    0        125108   281279   0        | 64     942247         47472025     -       
16     32     3      3/8    | 0.70      2.44      10.34     1.18      14.66        83.53     | 26854    0        188251   218136   0        | 96     942247         47472025     -       
16     32     4      4/8    | 0.68      2.42      10.17     1.18      14.47        84.62     | 26854    0        300013   106374   0        | 128    942247         47472025     -       
16     32     5      5/8    | 0.68      2.46      10.20     1.19      14.55        84.20     | 26854    0        313027   93360    0        | 160    942247         47472025     -       
16     32     6      6/8    | 0.89      2.50      10.21     1.28      14.90        82.19     | 26854    0        313401   92986    0        | 192    942247         47472025     -       
16     32     7      7/8    | 0.89      2.54      10.22     1.26      14.93        82.06     | 26854    0        313845   92542    0        | 224    942247         47472025     -       
16     32     8      8/8    | 0.68      2.47      13.13     1.17      17.46        70.15     | 26854    0        406387   0        0        | 256    942247         47472025     -       
32     8      0      0/8    | 0.40      1.01      11.96     0.76      14.14        86.60     | 75333    0        0        110008   0        | 1      222957         47472025     -       
32     8      1      1/8    | 0.25      0.95      11.94     0.80      13.97        87.69     | 75333    0        0        110008   0        | 128    222957         47472025     -       
32     8      2      2/8    | 0.25      0.99      11.92     0.81      13.97        87.65     | 75333    0        1214     108794   0        | 256    222957         47472025     -       
32     8      3      3/8    | 0.25      0.99      11.71     0.77      13.74        89.12     | 75333    0        63584    46424    0        | 384    222957         47472025     -       
32     8      4      4/8    | 0.25      1.01      11.96     0.80      14.04        87.23     | 75333    0        94616    15392    0        | 512    222957         47472025     -       
32     8      5      5/8    | 0.25      0.96      12.35     0.79      14.37        85.22     | 75333    0        100906   9102     0        | 640    222957         47472025     -       
32     8      6      6/8    | 0.25      1.03      12.35     0.81      14.45        84.75     | 75333    0        110008   0        0        | 768    222957         47472025     -       
32     8      7      7/8    | 0.25      1.02      12.36     0.76      14.41        85.00     | 75333    0        110008   0        0        | 896    222957         47472025     -       
32     8      8      8/8    | 0.25      0.97      12.37     0.79      14.40        85.05     | 75333    0        110008   0        0        | 1024   222957         47472025     -       
32     16     0      0/8    | 0.23      0.99      13.19     0.99      15.41        79.50     | 75333    0        0        110008   0        | 1      260647         47472025     -       
32     16     1      1/8    | 0.23      0.99      13.20     0.96      15.39        79.59     | 75333    0        0        110008   0        | 128    260647         47472025     -       
32     16     2      2/8    | 0.34      1.00      13.17     1.06      15.59        78.56     | 75333    0        1214     108794   0        | 256    260647         47472025     -       
32     16     3      3/8    | 0.24      1.02      12.77     0.98      15.03        81.49     | 75333    0        63584    46424    0        | 384    260647         47472025     -       
32     16     4      4/8    | 0.24      1.04      12.85     0.98      15.13        80.97     | 75333    0        94616    15392    0        | 512    260647         47472025     -       
32     16     5      5/8    | 0.24      1.02      13.18     0.97      15.42        79.41     | 75333    0        100906   9102     0        | 640    260647         47472025     -       
32     16     6      6/8    | 0.24      1.02      13.26     0.99      15.53        78.87     | 75333    0        110008   0        0        | 768    260647         47472025     -       
32     16     7      7/8    | 0.33      1.00      13.29     1.05      15.69        78.09     | 75333    0        110008   0        0        | 896    260647         47472025     -       
32     16     8      8/8    | 0.33      1.11      13.31     1.03      15.80        77.50     | 75333    0        110008   0        0        | 1024   260647         47472025     -       
32     32     0      0/8    | 0.23      1.07      11.97     1.17      14.47        84.65     | 75333    0        0        110008   0        | 1      298435         47472025     -       
32     32     1      1/8    | 0.23      1.07      11.96     1.20      14.47        84.62     | 75333    0        0        110008   0        | 128    298435         47472025     -       
32     32     2      2/8    | 0.33      1.27      11.94     1.28      14.84        82.56     | 75333    0        1214     108794   0        | 256    298435         47472025     -       
32     32     3      3/8    | 0.23      0.98      11.69     1.20      14.11        86.80     | 75333    0        63584    46424    0        | 384    298435         47472025     -       
32     32     4      4/8    | 0.30      1.21      12.30     1.27      15.10        81.10     | 75333    0        94616    15392    0        | 512    298435         47472025     -       
32     32     5      5/8    | 0.23      1.02      12.92     1.18      15.37        79.69     | 75333    0        100906   9102     0        | 640    298435         47472025     -       
32     32     6      6/8    | 0.23      1.04      13.62     1.19      16.10        76.09     | 75333    0        110008   0        0        | 768    298435         47472025     -       
32     32     7      7/8    | 0.24      1.05      13.62     1.18      16.11        76.05     | 75333    0        110008   0        0        | 896    298435         47472025     -       
32     32     8      8/8    | 0.24      1.33      13.62     1.31      16.54        74.06     | 75333    0        110008   0        0        | 1024   298435         47472025     -       
