# Matrix: soc-sign-Slashdot090221
# Path: /home/stu1/Dataset/training_dataset/50k-200k-0.001-0.01/soc-sign-Slashdot090221.mtx
# Category: 50k-200k-0.001-0.01
# Date: 2026-03-09 10:15:21
# Configs: 81 (9 tiles x 9 TC thresholds)
# Version: AdaSpGEMM_new
#
# Rows: 82144
# Cols: 82144
# NNZ(A): 549202
# NNZ(C) estimate: 22639046
#
tile_m tile_n tc_frc tc     | step1_ms  step2_ms  step3_ms  malloc    total_ms     gflops    | n_tiny   n_sml    n_lrg    n_dns    n_ful    | th_lrg tiles_C        nnzC         error   
-----------------------------------------------------------------------------------------------------------------------------------------------------------------------------------------
8      8      0      0/8    | 2.01      43.14     37.05     1.59      83.81        0.54      | 6746572  0        0        243648   282      | 1      17243174       16557760     -       
8      8      1      1/8    | 2.01      43.56     37.09     1.58      84.26        0.54      | 6746572  0        0        243648   282      | 8      17243174       16557760     -       
8      8      2      2/8    | 2.02      46.26     34.00     1.63      83.94        0.54      | 6746572  0        195541   48107    282      | 16     17243174       16557760     -       
8      8      3      3/8    | 2.06      43.18     33.17     1.60      80.02        0.57      | 6746572  0        227373   16275    282      | 24     17243174       16557760     -       
8      8      4      4/8    | 2.03      43.69     34.43     1.57      81.73        0.55      | 6746572  0        237316   6332     282      | 32     17243174       16557760     -       
8      8      5      5/8    | 2.05      42.99     33.05     1.58      79.69        0.57      | 6746572  0        241093   2555     282      | 40     17243174       16557760     -       
8      8      6      6/8    | 2.05      45.39     33.12     1.64      82.21        0.55      | 6746572  0        242804   844      282      | 48     17243174       16557760     -       
8      8      7      7/8    | 2.00      45.41     32.83     1.59      81.85        0.55      | 6746572  0        243560   88       282      | 56     17243174       16557760     -       
8      8      8      8/8    | 2.02      45.37     32.85     1.69      81.96        0.55      | 6746572  0        243930   0        0        | 64     17243174       16557760     -       
8      16     0      0/8    | 2.47      59.70     52.96     1.82      116.96       0.39      | 6746572  0        0        243648   282      | 1      22919132       16557760     -       
8      16     1      1/8    | 2.47      60.25     53.01     1.82      117.57       0.39      | 6746572  0        0        243648   282      | 8      22919132       16557760     -       
8      16     2      2/8    | 2.45      57.69     48.26     1.82      110.24       0.41      | 6746572  0        195541   48107    282      | 16     22919132       16557760     -       
8      16     3      3/8    | 2.46      60.56     47.24     1.85      112.12       0.40      | 6746572  0        227373   16275    282      | 24     22919132       16557760     -       
8      16     4      4/8    | 2.42      57.94     48.22     1.83      110.43       0.41      | 6746572  0        237316   6332     282      | 32     22919132       16557760     -       
8      16     5      5/8    | 2.42      58.20     46.87     1.82      109.33       0.41      | 6746572  0        241093   2555     282      | 40     22919132       16557760     -       
8      16     6      6/8    | 2.42      60.59     46.86     1.84      111.72       0.41      | 6746572  0        242804   844      282      | 48     22919132       16557760     -       
8      16     7      7/8    | 2.44      57.97     46.67     1.83      108.93       0.42      | 6746572  0        243560   88       282      | 56     22919132       16557760     -       
8      16     8      8/8    | 2.44      58.15     46.66     1.83      109.10       0.42      | 6746572  0        243930   0        0        | 64     22919132       16557760     -       
8      32     0      0/8    | 3.15      74.69     65.53     2.07      145.46       0.31      | 6746572  0        0        243648   282      | 1      29641641       16557760     -       
8      32     1      1/8    | 3.13      74.41     65.54     2.06      145.15       0.31      | 6746572  0        0        243648   282      | 8      29641641       16557760     -       
8      32     2      2/8    | 3.10      74.87     61.75     2.08      141.83       0.32      | 6746572  0        195541   48107    282      | 16     29641641       16557760     -       
8      32     3      3/8    | 3.01      74.24     60.95     2.06      140.28       0.32      | 6746572  0        227373   16275    282      | 24     29641641       16557760     -       
8      32     4      4/8    | 3.10      78.13     60.72     2.11      144.09       0.31      | 6746572  0        237316   6332     282      | 32     29641641       16557760     -       
8      32     5      5/8    | 3.04      74.51     60.77     2.09      140.43       0.32      | 6746572  0        241093   2555     282      | 40     29641641       16557760     -       
8      32     6      6/8    | 3.08      75.02     60.70     2.06      140.88       0.32      | 6746572  0        242804   844      282      | 48     29641641       16557760     -       
8      32     7      7/8    | 3.19      77.99     60.67     2.11      143.97       0.31      | 6746572  0        243560   88       282      | 56     29641641       16557760     -       
8      32     8      8/8    | 3.08      78.49     60.58     2.14      144.31       0.31      | 6746572  0        243930   0        0        | 64     29641641       16557760     -       
16     8      0      0/8    | 1.73      33.17     42.68     1.44      79.04        0.57      | 4077085  0        0        43359    5        | 1      8320820        16557760     -       
16     8      1      1/8    | 1.72      32.87     42.77     1.41      78.79        0.57      | 4077085  0        0        43359    5        | 32     8320820        16557760     -       
16     8      2      2/8    | 1.73      32.94     40.12     1.40      76.20        0.59      | 4077085  0        34198    9161     5        | 64     8320820        16557760     -       
16     8      3      3/8    | 1.73      32.64     39.65     1.42      75.45        0.60      | 4077085  0        40314    3045     5        | 96     8320820        16557760     -       
16     8      4      4/8    | 1.74      32.57     39.63     1.41      75.38        0.60      | 4077085  0        42171    1188     5        | 128    8320820        16557760     -       
16     8      5      5/8    | 1.72      32.83     39.67     1.44      75.67        0.60      | 4077085  0        42866    493      5        | 160    8320820        16557760     -       
16     8      6      6/8    | 1.72      33.11     39.56     1.43      75.84        0.60      | 4077085  0        43141    218      5        | 192    8320820        16557760     -       
16     8      7      7/8    | 1.73      32.73     39.33     1.39      75.20        0.60      | 4077085  0        43297    62       5        | 224    8320820        16557760     -       
16     8      8      8/8    | 1.73      32.47     39.33     1.41      74.96        0.60      | 4077085  0        43364    0        0        | 256    8320820        16557760     -       
16     16     0      0/8    | 1.86      40.32     51.91     1.54      95.65        0.47      | 4077085  0        0        43359    5        | 1      10193591       16557760     -       
16     16     1      1/8    | 1.89      40.20     51.96     1.57      95.64        0.47      | 4077085  0        0        43359    5        | 32     10193591       16557760     -       
16     16     2      2/8    | 1.88      40.96     49.59     1.59      94.04        0.48      | 4077085  0        34198    9161     5        | 64     10193591       16557760     -       
16     16     3      3/8    | 1.87      40.42     49.40     1.53      93.25        0.49      | 4077085  0        40314    3045     5        | 96     10193591       16557760     -       
16     16     4      4/8    | 1.89      40.78     49.44     1.58      93.72        0.48      | 4077085  0        42171    1188     5        | 128    10193591       16557760     -       
16     16     5      5/8    | 1.84      40.78     49.42     1.56      93.63        0.48      | 4077085  0        42866    493      5        | 160    10193591       16557760     -       
16     16     6      6/8    | 1.87      40.35     49.33     1.54      93.11        0.49      | 4077085  0        43141    218      5        | 192    10193591       16557760     -       
16     16     7      7/8    | 1.86      40.30     48.79     1.54      92.51        0.49      | 4077085  0        43297    62       5        | 224    10193591       16557760     -       
16     16     8      8/8    | 1.89      40.91     48.58     1.56      92.95        0.49      | 4077085  0        43364    0        0        | 256    10193591       16557760     -       
16     32     0      0/8    | 2.08      49.90     63.39     1.82      117.20       0.39      | 4077085  0        0        43359    5        | 1      12158563       16557760     -       
16     32     1      1/8    | 2.05      49.84     63.41     1.80      117.11       0.39      | 4077085  0        0        43359    5        | 32     12158563       16557760     -       
16     32     2      2/8    | 2.08      50.52     61.10     1.84      115.56       0.39      | 4077085  0        34198    9161     5        | 64     12158563       16557760     -       
16     32     3      3/8    | 2.05      49.89     60.68     1.82      114.45       0.40      | 4077085  0        40314    3045     5        | 96     12158563       16557760     -       
16     32     4      4/8    | 2.05      50.72     60.82     1.85      115.46       0.39      | 4077085  0        42171    1188     5        | 128    12158563       16557760     -       
16     32     5      5/8    | 2.07      50.28     60.83     1.84      115.04       0.39      | 4077085  0        42866    493      5        | 160    12158563       16557760     -       
16     32     6      6/8    | 2.05      49.97     60.77     1.82      114.63       0.39      | 4077085  0        43141    218      5        | 192    12158563       16557760     -       
16     32     7      7/8    | 2.05      49.91     60.31     1.83      114.13       0.40      | 4077085  0        43297    62       5        | 224    12158563       16557760     -       
16     32     8      8/8    | 2.07      49.72     60.04     1.83      113.67       0.40      | 4077085  0        43364    0        0        | 256    12158563       16557760     -       
32     8      0      0/8    | 1.79      30.18     43.79     1.48      77.25        0.59      | 2002963  0        0        8463     0        | 1      3299323        16557760     -       
32     8      1      1/8    | 1.78      29.92     43.27     1.44      76.43        0.59      | 2002963  0        0        8463     0        | 128    3299323        16557760     -       
32     8      2      2/8    | 1.81      30.38     41.06     1.49      74.75        0.61      | 2002963  0        6587     1876     0        | 256    3299323        16557760     -       
32     8      3      3/8    | 1.79      30.13     41.21     1.45      74.60        0.61      | 2002963  0        7893     570      0        | 384    3299323        16557760     -       
32     8      4      4/8    | 1.77      30.01     41.28     1.43      74.50        0.61      | 2002963  0        8245     218      0        | 512    3299323        16557760     -       
32     8      5      5/8    | 1.77      29.91     41.25     1.45      74.40        0.61      | 2002963  0        8381     82       0        | 640    3299323        16557760     -       
32     8      6      6/8    | 1.75      29.86     40.76     1.46      73.84        0.61      | 2002963  0        8430     33       0        | 768    3299323        16557760     -       
32     8      7      7/8    | 1.78      29.87     40.08     1.44      73.19        0.62      | 2002963  0        8456     7        0        | 896    3299323        16557760     -       
32     8      8      8/8    | 1.80      29.93     39.74     1.47      72.96        0.62      | 2002963  0        8463     0        0        | 1024   3299323        16557760     -       
32     16     0      0/8    | 1.79      35.02     51.07     1.52      89.42        0.51      | 2002963  0        0        8463     0        | 1      3759579        16557760     -       
32     16     1      1/8    | 1.81      35.15     51.09     1.56      89.63        0.51      | 2002963  0        0        8463     0        | 128    3759579        16557760     -       
32     16     2      2/8    | 1.81      35.05     48.22     1.52      86.62        0.52      | 2002963  0        6587     1876     0        | 256    3759579        16557760     -       
32     16     3      3/8    | 1.81      35.10     48.00     1.54      86.47        0.52      | 2002963  0        7893     570      0        | 384    3759579        16557760     -       
32     16     4      4/8    | 1.79      34.97     48.01     1.51      86.30        0.52      | 2002963  0        8245     218      0        | 512    3759579        16557760     -       
32     16     5      5/8    | 1.79      34.92     48.12     1.54      86.40        0.52      | 2002963  0        8381     82       0        | 640    3759579        16557760     -       
32     16     6      6/8    | 1.79      35.17     47.72     1.56      86.26        0.52      | 2002963  0        8430     33       0        | 768    3759579        16557760     -       
32     16     7      7/8    | 1.78      34.99     47.27     1.52      85.58        0.53      | 2002963  0        8456     7        0        | 896    3759579        16557760     -       
32     16     8      8/8    | 1.81      35.13     46.71     1.55      85.22        0.53      | 2002963  0        8463     0        0        | 1024   3759579        16557760     -       
32     32     0      0/8    | 1.81      38.99     57.13     1.64      99.59        0.45      | 2002963  0        0        8463     0        | 1      4186142        16557760     -       
32     32     1      1/8    | 1.85      39.29     57.11     1.63      99.90        0.45      | 2002963  0        0        8463     0        | 128    4186142        16557760     -       
32     32     2      2/8    | 1.83      39.16     53.18     1.61      95.80        0.47      | 2002963  0        6587     1876     0        | 256    4186142        16557760     -       
32     32     3      3/8    | 1.83      39.27     52.99     1.62      95.72        0.47      | 2002963  0        7893     570      0        | 384    4186142        16557760     -       
32     32     4      4/8    | 1.81      39.01     53.06     1.63      95.53        0.47      | 2002963  0        8245     218      0        | 512    4186142        16557760     -       
32     32     5      5/8    | 1.83      39.09     53.07     1.58      95.59        0.47      | 2002963  0        8381     82       0        | 640    4186142        16557760     -       
32     32     6      6/8    | 1.82      39.33     52.74     1.64      95.56        0.47      | 2002963  0        8430     33       0        | 768    4186142        16557760     -       
32     32     7      7/8    | 1.82      39.06     52.39     1.61      94.90        0.48      | 2002963  0        8456     7        0        | 896    4186142        16557760     -       
32     32     8      8/8    | 1.83      39.19     51.89     1.66      94.60        0.48      | 2002963  0        8463     0        0        | 1024   4186142        16557760     -       
