# Matrix: denormal
# Path: /home/stu1/Dataset/training_dataset/50k-200k-0.001-0.01/denormal.mtx
# Category: 50k-200k-0.001-0.01
# Date: 2026-03-09 05:17:52
# Configs: 81 (9 tiles x 9 TC thresholds)
# Version: AdaSpGEMM_new
#
# Rows: 89400
# Cols: 89400
# NNZ(A): 1156224
# NNZ(C) estimate: 14973696
#
tile_m tile_n tc_frc tc     | step1_ms  step2_ms  step3_ms  malloc    total_ms     gflops    | n_tiny   n_sml    n_lrg    n_dns    n_ful    | th_lrg tiles_C        nnzC         error   
-----------------------------------------------------------------------------------------------------------------------------------------------------------------------------------------
8      8      0      0/8    | 0.15      0.83      1.34      0.71      3.04         9.85      | 66458    0        0        144153   0        | 1      366011         3629580      -       
8      8      1      1/8    | 0.15      0.81      1.33      0.70      3.02         9.93      | 66458    0        0        144153   0        | 8      366011         3629580      -       
8      8      2      2/8    | 0.15      0.81      1.28      0.70      2.95         10.14     | 66458    0        44768    99385    0        | 16     366011         3629580      -       
8      8      3      3/8    | 0.17      0.87      1.13      0.78      2.96         10.12     | 66458    0        110702   33451    0        | 24     366011         3629580      -       
8      8      4      4/8    | 0.15      0.86      1.21      0.76      2.99         10.01     | 66458    0        111077   33076    0        | 32     366011         3629580      -       
8      8      5      5/8    | 0.16      0.78      1.05      0.73      2.73         10.96     | 66458    0        133203   10950    0        | 40     366011         3629580      -       
8      8      6      6/8    | 0.17      0.82      1.05      0.79      2.85         10.51     | 66458    0        133203   10950    0        | 48     366011         3629580      -       
8      8      7      7/8    | 0.15      0.82      0.97      0.73      2.70         11.10     | 66458    0        144153   0        0        | 56     366011         3629580      -       
8      8      8      8/8    | 0.16      0.90      0.98      0.73      2.78         10.76     | 66458    0        144153   0        0        | 64     366011         3629580      -       
8      16     0      0/8    | 0.15      1.50      1.50      0.76      3.92         7.63      | 66458    0        0        144153   0        | 1      532287         3629580      -       
8      16     1      1/8    | 0.16      1.56      1.50      0.81      4.06         7.38      | 66458    0        0        144153   0        | 8      532287         3629580      -       
8      16     2      2/8    | 0.15      1.57      1.34      0.79      3.86         7.75      | 66458    0        44768    99385    0        | 16     532287         3629580      -       
8      16     3      3/8    | 0.15      1.48      1.09      0.76      3.49         8.58      | 66458    0        110702   33451    0        | 24     532287         3629580      -       
8      16     4      4/8    | 0.15      1.55      1.17      0.75      3.63         8.25      | 66458    0        111077   33076    0        | 32     532287         3629580      -       
8      16     5      5/8    | 0.15      1.54      0.97      0.78      3.46         8.65      | 66458    0        133203   10950    0        | 40     532287         3629580      -       
8      16     6      6/8    | 0.15      1.53      0.97      0.77      3.44         8.71      | 66458    0        133203   10950    0        | 48     532287         3629580      -       
8      16     7      7/8    | 0.16      1.60      0.83      0.81      3.42         8.75      | 66458    0        144153   0        0        | 56     532287         3629580      -       
8      16     8      8/8    | 0.16      1.50      0.83      0.79      3.30         9.07      | 66458    0        144153   0        0        | 64     532287         3629580      -       
8      32     0      0/8    | 0.15      2.22      2.46      0.80      5.65         5.30      | 66458    0        0        144153   0        | 1      815363         3629580      -       
8      32     1      1/8    | 0.16      2.25      2.47      0.79      5.69         5.27      | 66458    0        0        144153   0        | 8      815363         3629580      -       
8      32     2      2/8    | 0.16      2.31      2.04      0.79      5.32         5.63      | 66458    0        44768    99385    0        | 16     815363         3629580      -       
8      32     3      3/8    | 0.17      2.31      1.52      0.80      4.82         6.22      | 66458    0        110702   33451    0        | 24     815363         3629580      -       
8      32     4      4/8    | 0.15      2.30      1.51      0.76      4.74         6.31      | 66458    0        111077   33076    0        | 32     815363         3629580      -       
8      32     5      5/8    | 0.15      2.24      1.18      0.77      4.36         6.87      | 66458    0        133203   10950    0        | 40     815363         3629580      -       
8      32     6      6/8    | 0.17      2.31      1.18      0.82      4.49         6.67      | 66458    0        133203   10950    0        | 48     815363         3629580      -       
8      32     7      7/8    | 0.15      2.31      0.87      0.76      4.11         7.29      | 66458    0        144153   0        0        | 56     815363         3629580      -       
8      32     8      8/8    | 0.15      2.23      0.87      0.75      4.00         7.49      | 66458    0        144153   0        0        | 64     815363         3629580      -       
16     8      0      0/8    | 0.13      0.51      1.30      0.51      2.46         12.18     | 55470    0        0        49876    0        | 1      138724         3629580      -       
16     8      1      1/8    | 0.11      0.47      1.30      0.49      2.39         12.53     | 55470    0        0        49876    0        | 32     138724         3629580      -       
16     8      2      2/8    | 0.12      0.47      1.06      0.47      2.15         13.94     | 55470    0        33599    16277    0        | 64     138724         3629580      -       
16     8      3      3/8    | 0.11      0.50      0.94      0.48      2.04         14.64     | 55470    0        44289    5587     0        | 96     138724         3629580      -       
16     8      4      4/8    | 0.11      0.47      0.84      0.47      1.91         15.72     | 55470    0        49876    0        0        | 128    138724         3629580      -       
16     8      5      5/8    | 0.11      0.46      0.84      0.48      1.90         15.75     | 55470    0        49876    0        0        | 160    138724         3629580      -       
16     8      6      6/8    | 0.11      0.48      0.84      0.47      1.92         15.58     | 55470    0        49876    0        0        | 192    138724         3629580      -       
16     8      7      7/8    | 0.11      0.47      0.84      0.47      1.91         15.72     | 55470    0        49876    0        0        | 224    138724         3629580      -       
16     8      8      8/8    | 0.11      0.48      0.84      0.47      1.92         15.61     | 55470    0        49876    0        0        | 256    138724         3629580      -       
16     16     0      0/8    | 0.13      0.62      1.24      0.58      2.58         11.61     | 55470    0        0        49876    0        | 1      183014         3629580      -       
16     16     1      1/8    | 0.12      0.62      1.23      0.57      2.55         11.75     | 55470    0        0        49876    0        | 32     183014         3629580      -       
16     16     2      2/8    | 0.11      0.63      0.94      0.55      2.26         13.27     | 55470    0        33599    16277    0        | 64     183014         3629580      -       
16     16     3      3/8    | 0.13      0.63      0.77      0.58      2.12         14.09     | 55470    0        44289    5587     0        | 96     183014         3629580      -       
16     16     4      4/8    | 0.11      0.63      0.60      0.54      1.90         15.80     | 55470    0        49876    0        0        | 128    183014         3629580      -       
16     16     5      5/8    | 0.10      0.59      0.60      0.55      1.85         16.14     | 55470    0        49876    0        0        | 160    183014         3629580      -       
16     16     6      6/8    | 0.11      0.60      0.60      0.58      1.89         15.81     | 55470    0        49876    0        0        | 192    183014         3629580      -       
16     16     7      7/8    | 0.12      0.64      0.60      0.57      1.96         15.32     | 55470    0        49876    0        0        | 224    183014         3629580      -       
16     16     8      8/8    | 0.11      0.60      0.60      0.57      1.90         15.79     | 55470    0        49876    0        0        | 256    183014         3629580      -       
16     32     0      0/8    | 0.12      0.86      2.11      0.86      3.96         7.56      | 55470    0        0        49876    0        | 1      266162         3629580      -       
16     32     1      1/8    | 0.12      0.84      2.12      0.82      3.92         7.65      | 55470    0        0        49876    0        | 32     266162         3629580      -       
16     32     2      2/8    | 0.12      0.85      1.43      0.82      3.24         9.24      | 55470    0        33599    16277    0        | 64     266162         3629580      -       
16     32     3      3/8    | 0.12      0.89      0.97      0.81      2.81         10.67     | 55470    0        44289    5587     0        | 96     266162         3629580      -       
16     32     4      4/8    | 0.11      0.86      0.54      0.82      2.34         12.79     | 55470    0        49876    0        0        | 128    266162         3629580      -       
16     32     5      5/8    | 0.12      0.89      0.55      0.83      2.40         12.46     | 55470    0        49876    0        0        | 160    266162         3629580      -       
16     32     6      6/8    | 0.12      0.90      0.54      0.81      2.39         12.55     | 55470    0        49876    0        0        | 192    266162         3629580      -       
16     32     7      7/8    | 0.11      0.85      0.54      0.79      2.30         13.04     | 55470    0        49876    0        0        | 224    266162         3629580      -       
16     32     8      8/8    | 0.12      0.81      0.54      0.80      2.28         13.11     | 55470    0        49876    0        0        | 256    266162         3629580      -       
32     8      0      0/8    | 0.10      0.28      1.96      0.44      2.79         10.72     | 44312    0        0        8362     0        | 1      58240          3629580      -       
32     8      1      1/8    | 0.10      0.28      1.96      0.44      2.79         10.72     | 44312    0        0        8362     0        | 128    58240          3629580      -       
32     8      2      2/8    | 0.10      0.28      1.51      0.42      2.32         12.90     | 44312    0        5850     2512     0        | 256    58240          3629580      -       
32     8      3      3/8    | 0.11      0.30      0.74      0.45      1.62         18.51     | 44312    0        8362     0        0        | 384    58240          3629580      -       
32     8      4      4/8    | 0.10      0.28      0.75      0.43      1.58         18.95     | 44312    0        8362     0        0        | 512    58240          3629580      -       
32     8      5      5/8    | 0.10      0.29      0.74      0.43      1.57         19.05     | 44312    0        8362     0        0        | 640    58240          3629580      -       
32     8      6      6/8    | 0.10      0.29      0.74      0.42      1.57         19.11     | 44312    0        8362     0        0        | 768    58240          3629580      -       
32     8      7      7/8    | 0.11      0.28      0.74      0.43      1.56         19.14     | 44312    0        8362     0        0        | 896    58240          3629580      -       
32     8      8      8/8    | 0.10      0.28      0.74      0.43      1.55         19.26     | 44312    0        8362     0        0        | 1024   58240          3629580      -       
32     16     0      0/8    | 0.09      0.31      2.10      0.43      2.94         10.17     | 44312    0        0        8362     0        | 1      69360          3629580      -       
32     16     1      1/8    | 0.09      0.31      2.09      0.44      2.94         10.17     | 44312    0        0        8362     0        | 128    69360          3629580      -       
32     16     2      2/8    | 0.10      0.30      1.33      0.45      2.19         13.65     | 44312    0        5850     2512     0        | 256    69360          3629580      -       
32     16     3      3/8    | 0.10      0.26      0.68      0.43      1.48         20.21     | 44312    0        8362     0        0        | 384    69360          3629580      -       
32     16     4      4/8    | 0.11      0.31      0.69      0.48      1.60         18.71     | 44312    0        8362     0        0        | 512    69360          3629580      -       
32     16     5      5/8    | 0.11      0.27      0.68      0.44      1.52         19.69     | 44312    0        8362     0        0        | 640    69360          3629580      -       
32     16     6      6/8    | 0.10      0.32      0.68      0.44      1.56         19.20     | 44312    0        8362     0        0        | 768    69360          3629580      -       
32     16     7      7/8    | 0.11      0.27      0.68      0.43      1.51         19.86     | 44312    0        8362     0        0        | 896    69360          3629580      -       
32     16     8      8/8    | 0.11      0.32      0.69      0.44      1.58         18.99     | 44312    0        8362     0        0        | 1024   69360          3629580      -       
32     32     0      0/8    | 0.10      0.34      1.89      0.50      2.84         10.54     | 44312    0        0        8362     0        | 1      91510          3629580      -       
32     32     1      1/8    | 0.09      0.34      1.88      0.51      2.84         10.53     | 44312    0        0        8362     0        | 128    91510          3629580      -       
32     32     2      2/8    | 0.10      0.34      1.10      0.50      2.04         14.67     | 44312    0        5850     2512     0        | 256    91510          3629580      -       
32     32     3      3/8    | 0.09      0.35      0.54      0.53      1.52         19.69     | 44312    0        8362     0        0        | 384    91510          3629580      -       
32     32     4      4/8    | 0.11      0.35      0.54      0.52      1.54         19.50     | 44312    0        8362     0        0        | 512    91510          3629580      -       
32     32     5      5/8    | 0.10      0.34      0.53      0.51      1.51         19.89     | 44312    0        8362     0        0        | 640    91510          3629580      -       
32     32     6      6/8    | 0.10      0.35      0.54      0.52      1.51         19.78     | 44312    0        8362     0        0        | 768    91510          3629580      -       
32     32     7      7/8    | 0.11      0.34      0.54      0.53      1.54         19.46     | 44312    0        8362     0        0        | 896    91510          3629580      -       
32     32     8      8/8    | 0.10      0.36      0.54      0.50      1.52         19.73     | 44312    0        8362     0        0        | 1024   91510          3629580      -       
