# Matrix: ky2010
# Path: /home/stu1/Dataset/training_dataset/50k-200k-0.001-0.01/ky2010.mtx
# Category: 50k-200k-0.001-0.01
# Date: 2026-03-09 06:06:08
# Configs: 81 (9 tiles x 9 TC thresholds)
# Version: AdaSpGEMM_new
#
# Rows: 161672
# Cols: 161672
# NNZ(A): 787778
# NNZ(C) estimate: 5418222
#
tile_m tile_n tc_frc tc     | step1_ms  step2_ms  step3_ms  malloc    total_ms     gflops    | n_tiny   n_sml    n_lrg    n_dns    n_ful    | th_lrg tiles_C        nnzC         error   
-----------------------------------------------------------------------------------------------------------------------------------------------------------------------------------------
8      8      0      0/8    | 1.25      11.44     4.13      1.06      17.90        0.61      | 1493144  0        0        39621    0        | 1      4488489        3676088      -       
8      8      1      1/8    | 1.35      11.32     4.14      0.99      17.81        0.61      | 1493144  0        0        39621    0        | 8      4488489        3676088      -       
8      8      2      2/8    | 1.23      11.18     3.71      1.00      17.14        0.63      | 1493144  0        36739    2882     0        | 16     4488489        3676088      -       
8      8      3      3/8    | 1.20      11.20     3.67      0.97      17.05        0.64      | 1493144  0        39370    251      0        | 24     4488489        3676088      -       
8      8      4      4/8    | 1.21      11.23     3.73      0.98      17.17        0.63      | 1493144  0        39590    31       0        | 32     4488489        3676088      -       
8      8      5      5/8    | 1.24      11.21     3.66      1.00      17.13        0.63      | 1493144  0        39617    4        0        | 40     4488489        3676088      -       
8      8      6      6/8    | 1.22      11.30     3.66      1.00      17.21        0.63      | 1493144  0        39621    0        0        | 48     4488489        3676088      -       
8      8      7      7/8    | 1.21      11.26     3.66      0.99      17.15        0.63      | 1493144  0        39621    0        0        | 56     4488489        3676088      -       
8      8      8      8/8    | 1.20      11.40     3.67      1.00      17.30        0.63      | 1493144  0        39621    0        0        | 64     4488489        3676088      -       
8      16     0      0/8    | 1.50      14.85     5.25      1.08      22.70        0.48      | 1493144  0        0        39621    0        | 1      5871699        3676088      -       
8      16     1      1/8    | 1.52      15.02     5.24      1.07      22.86        0.47      | 1493144  0        0        39621    0        | 8      5871699        3676088      -       
8      16     2      2/8    | 1.50      14.87     4.55      1.08      22.02        0.49      | 1493144  0        36739    2882     0        | 16     5871699        3676088      -       
8      16     3      3/8    | 1.51      14.97     4.52      1.07      22.07        0.49      | 1493144  0        39370    251      0        | 24     5871699        3676088      -       
8      16     4      4/8    | 1.51      14.89     4.57      1.10      22.08        0.49      | 1493144  0        39590    31       0        | 32     5871699        3676088      -       
8      16     5      5/8    | 1.51      14.80     4.49      1.10      21.92        0.49      | 1493144  0        39617    4        0        | 40     5871699        3676088      -       
8      16     6      6/8    | 1.49      14.77     4.49      1.06      21.83        0.50      | 1493144  0        39621    0        0        | 48     5871699        3676088      -       
8      16     7      7/8    | 1.56      15.41     4.49      1.11      22.58        0.48      | 1493144  0        39621    0        0        | 56     5871699        3676088      -       
8      16     8      8/8    | 1.52      15.68     4.49      1.09      22.80        0.48      | 1493144  0        39621    0        0        | 64     5871699        3676088      -       
8      32     0      0/8    | 1.89      19.48     6.71      1.14      29.24        0.37      | 1493144  0        0        39621    0        | 1      7455247        3676088      -       
8      32     1      1/8    | 1.91      19.49     6.71      1.12      29.24        0.37      | 1493144  0        0        39621    0        | 8      7455247        3676088      -       
8      32     2      2/8    | 1.92      19.57     5.18      1.13      27.81        0.39      | 1493144  0        36739    2882     0        | 16     7455247        3676088      -       
8      32     3      3/8    | 1.90      19.42     5.15      1.13      27.62        0.39      | 1493144  0        39370    251      0        | 24     7455247        3676088      -       
8      32     4      4/8    | 1.92      19.33     5.12      1.12      27.51        0.39      | 1493144  0        39590    31       0        | 32     7455247        3676088      -       
8      32     5      5/8    | 1.94      19.46     5.01      1.15      27.56        0.39      | 1493144  0        39617    4        0        | 40     7455247        3676088      -       
8      32     6      6/8    | 1.91      18.92     4.96      1.12      26.93        0.40      | 1493144  0        39621    0        0        | 48     7455247        3676088      -       
8      32     7      7/8    | 1.93      19.56     4.96      1.16      27.63        0.39      | 1493144  0        39621    0        0        | 56     7455247        3676088      -       
8      32     8      8/8    | 1.89      19.36     4.97      1.13      27.36        0.40      | 1493144  0        39621    0        0        | 64     7455247        3676088      -       
16     8      0      0/8    | 0.32      5.45      3.92      0.93      10.64        1.02      | 846082   0        0        2761     0        | 1      1796551        3676088      -       
16     8      1      1/8    | 0.33      5.46      3.91      0.97      10.69        1.01      | 846082   0        0        2761     0        | 32     1796551        3676088      -       
16     8      2      2/8    | 0.32      5.36      3.88      0.95      10.53        1.03      | 846082   0        2723     38       0        | 64     1796551        3676088      -       
16     8      3      3/8    | 0.32      5.22      3.88      0.95      10.38        1.04      | 846082   0        2758     3        0        | 96     1796551        3676088      -       
16     8      4      4/8    | 0.31      5.36      3.88      0.92      10.49        1.03      | 846082   0        2761     0        0        | 128    1796551        3676088      -       
16     8      5      5/8    | 0.33      5.35      3.89      0.94      10.52        1.03      | 846082   0        2761     0        0        | 160    1796551        3676088      -       
16     8      6      6/8    | 0.32      5.37      3.89      0.94      10.54        1.03      | 846082   0        2761     0        0        | 192    1796551        3676088      -       
16     8      7      7/8    | 0.34      5.37      3.88      0.95      10.55        1.03      | 846082   0        2761     0        0        | 224    1796551        3676088      -       
16     8      8      8/8    | 0.33      5.35      3.87      0.93      10.50        1.03      | 846082   0        2761     0        0        | 256    1796551        3676088      -       
16     16     0      0/8    | 0.38      6.44      4.35      0.97      12.15        0.89      | 846082   0        0        2761     0        | 1      2243083        3676088      -       
16     16     1      1/8    | 0.36      6.30      4.36      0.95      11.99        0.90      | 846082   0        0        2761     0        | 32     2243083        3676088      -       
16     16     2      2/8    | 0.36      6.29      4.35      0.95      11.97        0.91      | 846082   0        2723     38       0        | 64     2243083        3676088      -       
16     16     3      3/8    | 0.36      6.26      4.27      0.93      11.83        0.92      | 846082   0        2758     3        0        | 96     2243083        3676088      -       
16     16     4      4/8    | 0.36      6.27      4.28      0.94      11.86        0.91      | 846082   0        2761     0        0        | 128    2243083        3676088      -       
16     16     5      5/8    | 0.36      6.19      4.25      0.94      11.76        0.92      | 846082   0        2761     0        0        | 160    2243083        3676088      -       
16     16     6      6/8    | 0.36      6.23      4.26      0.94      11.81        0.92      | 846082   0        2761     0        0        | 192    2243083        3676088      -       
16     16     7      7/8    | 0.37      6.26      4.26      0.95      11.86        0.91      | 846082   0        2761     0        0        | 224    2243083        3676088      -       
16     16     8      8/8    | 0.37      6.22      4.28      0.95      11.83        0.92      | 846082   0        2761     0        0        | 256    2243083        3676088      -       
16     32     0      0/8    | 0.42      7.42      5.30      1.05      14.21        0.76      | 846082   0        0        2761     0        | 1      2806917        3676088      -       
16     32     1      1/8    | 0.42      7.41      5.30      1.03      14.18        0.76      | 846082   0        0        2761     0        | 32     2806917        3676088      -       
16     32     2      2/8    | 0.44      7.39      5.13      1.01      13.99        0.77      | 846082   0        2723     38       0        | 64     2806917        3676088      -       
16     32     3      3/8    | 0.43      7.57      4.87      1.02      13.92        0.78      | 846082   0        2758     3        0        | 96     2806917        3676088      -       
16     32     4      4/8    | 0.41      7.51      4.79      1.03      13.76        0.79      | 846082   0        2761     0        0        | 128    2806917        3676088      -       
16     32     5      5/8    | 0.42      7.49      4.80      1.03      13.77        0.79      | 846082   0        2761     0        0        | 160    2806917        3676088      -       
16     32     6      6/8    | 0.42      7.42      4.79      1.03      13.68        0.79      | 846082   0        2761     0        0        | 192    2806917        3676088      -       
16     32     7      7/8    | 0.44      7.41      4.80      1.03      13.69        0.79      | 846082   0        2761     0        0        | 224    2806917        3676088      -       
16     32     8      8/8    | 0.44      7.59      4.82      1.07      13.93        0.78      | 846082   0        2761     0        0        | 256    2806917        3676088      -       
32     8      0      0/8    | 0.28      4.80      5.43      0.97      11.50        0.94      | 379525   0        0        78       0        | 1      724417         3676088      -       
32     8      1      1/8    | 0.28      4.75      5.42      0.96      11.43        0.95      | 379525   0        0        78       0        | 128    724417         3676088      -       
32     8      2      2/8    | 0.27      4.72      5.30      0.96      11.28        0.96      | 379525   0        78       0        0        | 256    724417         3676088      -       
32     8      3      3/8    | 0.28      4.70      5.31      0.95      11.25        0.96      | 379525   0        78       0        0        | 384    724417         3676088      -       
32     8      4      4/8    | 0.29      4.77      5.32      0.96      11.36        0.95      | 379525   0        78       0        0        | 512    724417         3676088      -       
32     8      5      5/8    | 0.29      4.73      5.33      0.98      11.34        0.96      | 379525   0        78       0        0        | 640    724417         3676088      -       
32     8      6      6/8    | 0.28      4.74      5.32      0.96      11.31        0.96      | 379525   0        78       0        0        | 768    724417         3676088      -       
32     8      7      7/8    | 0.28      4.82      5.32      0.97      11.41        0.95      | 379525   0        78       0        0        | 896    724417         3676088      -       
32     8      8      8/8    | 0.30      4.92      5.33      1.47      12.03        0.90      | 379525   0        78       0        0        | 1024   724417         3676088      -       
32     16     0      0/8    | 0.31      5.29      6.06      0.91      12.59        0.86      | 379525   0        0        78       0        | 1      889097         3676088      -       
32     16     1      1/8    | 0.31      5.25      6.08      0.95      12.60        0.86      | 379525   0        0        78       0        | 128    889097         3676088      -       
32     16     2      2/8    | 0.31      5.25      5.73      0.95      12.25        0.88      | 379525   0        78       0        0        | 256    889097         3676088      -       
32     16     3      3/8    | 0.32      5.26      5.74      0.93      12.27        0.88      | 379525   0        78       0        0        | 384    889097         3676088      -       
32     16     4      4/8    | 0.31      5.25      5.74      0.93      12.23        0.89      | 379525   0        78       0        0        | 512    889097         3676088      -       
32     16     5      5/8    | 0.30      5.26      5.74      0.95      12.26        0.88      | 379525   0        78       0        0        | 640    889097         3676088      -       
32     16     6      6/8    | 0.31      5.29      5.75      0.95      12.31        0.88      | 379525   0        78       0        0        | 768    889097         3676088      -       
32     16     7      7/8    | 0.31      5.27      5.74      0.93      12.26        0.88      | 379525   0        78       0        0        | 896    889097         3676088      -       
32     16     8      8/8    | 0.31      5.31      5.73      0.92      12.29        0.88      | 379525   0        78       0        0        | 1024   889097         3676088      -       
32     32     0      0/8    | 0.31      5.21      5.80      1.03      12.37        0.88      | 379525   0        0        78       0        | 1      1066115        3676088      -       
32     32     1      1/8    | 0.29      5.06      5.80      1.01      12.18        0.89      | 379525   0        0        78       0        | 128    1066115        3676088      -       
32     32     2      2/8    | 0.30      5.08      5.49      1.00      11.88        0.91      | 379525   0        78       0        0        | 256    1066115        3676088      -       
32     32     3      3/8    | 0.30      5.12      5.49      1.01      11.93        0.91      | 379525   0        78       0        0        | 384    1066115        3676088      -       
32     32     4      4/8    | 0.31      5.09      5.50      1.00      11.92        0.91      | 379525   0        78       0        0        | 512    1066115        3676088      -       
32     32     5      5/8    | 0.30      5.08      5.50      1.01      11.90        0.91      | 379525   0        78       0        0        | 640    1066115        3676088      -       
32     32     6      6/8    | 0.32      5.10      5.50      1.00      11.92        0.91      | 379525   0        78       0        0        | 768    1066115        3676088      -       
32     32     7      7/8    | 0.30      5.20      5.50      1.01      12.02        0.90      | 379525   0        78       0        0        | 896    1066115        3676088      -       
32     32     8      8/8    | 0.30      5.06      5.49      1.01      11.86        0.91      | 379525   0        78       0        0        | 1024   1066115        3676088      -       
