# Matrix: apache1
# Path: /home/stu1/Dataset/training_dataset/50k-200k-0.001-0.01/apache1.mtx
# Category: 50k-200k-0.001-0.01
# Date: 2026-03-09 02:40:33
# Configs: 81 (9 tiles x 9 TC thresholds)
# Version: AdaSpGEMM_new
#
# Rows: 80800
# Cols: 80800
# NNZ(A): 542184
# NNZ(C) estimate: 3656464
#
tile_m tile_n tc_frc tc     | step1_ms  step2_ms  step3_ms  malloc    total_ms     gflops    | n_tiny   n_sml    n_lrg    n_dns    n_ful    | th_lrg tiles_C        nnzC         error   
-----------------------------------------------------------------------------------------------------------------------------------------------------------------------------------------
8      8      0      0/8    | 0.14      0.75      0.66      0.76      2.33         3.13      | 180488   0        0        64698    0        | 1      315786         1856924      -       
8      8      1      1/8    | 0.14      0.79      0.66      0.73      2.33         3.14      | 180488   0        0        64698    0        | 8      315786         1856924      -       
8      8      2      2/8    | 0.15      0.80      0.57      0.72      2.26         3.23      | 180488   0        34600    30098    0        | 16     315786         1856924      -       
8      8      3      3/8    | 0.15      0.78      0.52      0.72      2.19         3.34      | 180488   0        54598    10100    0        | 24     315786         1856924      -       
8      8      4      4/8    | 0.15      0.80      0.54      0.72      2.22         3.29      | 180488   0        55298    9400     0        | 32     315786         1856924      -       
8      8      5      5/8    | 0.15      0.79      0.45      0.74      2.13         3.43      | 180488   0        64698    0        0        | 40     315786         1856924      -       
8      8      6      6/8    | 0.14      0.74      0.45      0.71      2.05         3.57      | 180488   0        64698    0        0        | 48     315786         1856924      -       
8      8      7      7/8    | 0.14      0.79      0.45      0.71      2.10         3.49      | 180488   0        64698    0        0        | 56     315786         1856924      -       
8      8      8      8/8    | 0.14      0.81      0.44      0.70      2.11         3.47      | 180488   0        64698    0        0        | 64     315786         1856924      -       
8      16     0      0/8    | 0.14      1.25      0.76      0.74      2.89         2.53      | 180488   0        0        64698    0        | 1      462336         1856924      -       
8      16     1      1/8    | 0.13      1.21      0.75      0.73      2.83         2.58      | 180488   0        0        64698    0        | 8      462336         1856924      -       
8      16     2      2/8    | 0.15      1.27      0.63      0.78      2.85         2.57      | 180488   0        34600    30098    0        | 16     462336         1856924      -       
8      16     3      3/8    | 0.14      1.32      0.55      0.75      2.77         2.64      | 180488   0        54598    10100    0        | 24     462336         1856924      -       
8      16     4      4/8    | 0.14      1.24      0.56      0.73      2.69         2.72      | 180488   0        55298    9400     0        | 32     462336         1856924      -       
8      16     5      5/8    | 0.15      1.28      0.44      0.77      2.66         2.75      | 180488   0        64698    0        0        | 40     462336         1856924      -       
8      16     6      6/8    | 0.15      1.25      0.44      0.73      2.58         2.83      | 180488   0        64698    0        0        | 48     462336         1856924      -       
8      16     7      7/8    | 0.13      1.22      0.44      0.71      2.52         2.90      | 180488   0        64698    0        0        | 56     462336         1856924      -       
8      16     8      8/8    | 0.15      1.29      0.44      0.77      2.67         2.74      | 180488   0        64698    0        0        | 64     462336         1856924      -       
8      32     0      0/8    | 0.15      2.12      1.09      0.80      4.18         1.75      | 180488   0        0        64698    0        | 1      752594         1856924      -       
8      32     1      1/8    | 0.15      2.13      1.08      0.81      4.18         1.75      | 180488   0        0        64698    0        | 8      752594         1856924      -       
8      32     2      2/8    | 0.15      2.00      0.88      0.78      3.82         1.91      | 180488   0        34600    30098    0        | 16     752594         1856924      -       
8      32     3      3/8    | 0.15      1.99      0.74      0.78      3.68         1.99      | 180488   0        54598    10100    0        | 24     752594         1856924      -       
8      32     4      4/8    | 0.16      2.00      0.73      0.79      3.69         1.98      | 180488   0        55298    9400     0        | 32     752594         1856924      -       
8      32     5      5/8    | 0.15      2.00      0.49      0.78      3.43         2.13      | 180488   0        64698    0        0        | 40     752594         1856924      -       
8      32     6      6/8    | 0.15      2.01      0.49      0.80      3.46         2.12      | 180488   0        64698    0        0        | 48     752594         1856924      -       
8      32     7      7/8    | 0.15      2.11      0.49      0.77      3.52         2.07      | 180488   0        64698    0        0        | 56     752594         1856924      -       
8      32     8      8/8    | 0.14      2.06      0.49      0.76      3.46         2.11      | 180488   0        64698    0        0        | 64     752594         1856924      -       
16     8      0      0/8    | 0.12      0.46      0.63      0.50      1.72         4.26      | 100340   0        0        12850    0        | 1      122390         1856924      -       
16     8      1      1/8    | 0.11      0.44      0.63      0.46      1.66         4.40      | 100340   0        0        12850    0        | 32     122390         1856924      -       
16     8      2      2/8    | 0.10      0.41      0.55      0.47      1.55         4.72      | 100340   0        7800     5050     0        | 64     122390         1856924      -       
16     8      3      3/8    | 0.12      0.43      0.48      0.47      1.52         4.82      | 100340   0        12850    0        0        | 96     122390         1856924      -       
16     8      4      4/8    | 0.10      0.41      0.49      0.45      1.46         5.00      | 100340   0        12850    0        0        | 128    122390         1856924      -       
16     8      5      5/8    | 0.10      0.43      0.49      0.46      1.50         4.88      | 100340   0        12850    0        0        | 160    122390         1856924      -       
16     8      6      6/8    | 0.12      0.43      0.49      0.53      1.59         4.61      | 100340   0        12850    0        0        | 192    122390         1856924      -       
16     8      7      7/8    | 0.11      0.44      0.49      0.47      1.53         4.79      | 100340   0        12850    0        0        | 224    122390         1856924      -       
16     8      8      8/8    | 0.10      0.41      0.49      0.48      1.48         4.95      | 100340   0        12850    0        0        | 256    122390         1856924      -       
16     16     0      0/8    | 0.10      0.68      0.64      0.61      2.04         3.59      | 100340   0        0        12850    0        | 1      207596         1856924      -       
16     16     1      1/8    | 0.11      0.69      0.64      0.64      2.10         3.49      | 100340   0        0        12850    0        | 32     207596         1856924      -       
16     16     2      2/8    | 0.12      0.71      0.55      0.61      2.00         3.66      | 100340   0        7800     5050     0        | 64     207596         1856924      -       
16     16     3      3/8    | 0.10      0.66      0.45      0.60      1.82         4.01      | 100340   0        12850    0        0        | 96     207596         1856924      -       
16     16     4      4/8    | 0.12      0.69      0.45      0.62      1.90         3.84      | 100340   0        12850    0        0        | 128    207596         1856924      -       
16     16     5      5/8    | 0.11      0.69      0.44      0.62      1.87         3.91      | 100340   0        12850    0        0        | 160    207596         1856924      -       
16     16     6      6/8    | 0.11      0.66      0.44      0.59      1.80         4.05      | 100340   0        12850    0        0        | 192    207596         1856924      -       
16     16     7      7/8    | 0.10      0.69      0.45      0.59      1.84         3.98      | 100340   0        12850    0        0        | 224    207596         1856924      -       
16     16     8      8/8    | 0.13      0.70      0.45      0.69      1.98         3.70      | 100340   0        12850    0        0        | 256    207596         1856924      -       
16     32     0      0/8    | 0.12      0.85      0.87      0.78      2.63         2.78      | 100340   0        0        12850    0        | 1      286570         1856924      -       
16     32     1      1/8    | 0.12      0.86      0.87      0.79      2.65         2.76      | 100340   0        0        12850    0        | 32     286570         1856924      -       
16     32     2      2/8    | 0.12      0.85      0.70      0.80      2.48         2.95      | 100340   0        7800     5050     0        | 64     286570         1856924      -       
16     32     3      3/8    | 0.12      0.88      0.36      0.79      2.17         3.38      | 100340   0        12850    0        0        | 96     286570         1856924      -       
16     32     4      4/8    | 0.11      0.87      0.36      0.79      2.16         3.39      | 100340   0        12850    0        0        | 128    286570         1856924      -       
16     32     5      5/8    | 0.11      0.93      0.36      0.77      2.19         3.34      | 100340   0        12850    0        0        | 160    286570         1856924      -       
16     32     6      6/8    | 0.11      0.89      0.36      0.76      2.14         3.42      | 100340   0        12850    0        0        | 192    286570         1856924      -       
16     32     7      7/8    | 0.12      0.90      0.36      0.82      2.23         3.29      | 100340   0        12850    0        0        | 224    286570         1856924      -       
16     32     8      8/8    | 0.11      0.93      0.37      0.80      2.21         3.30      | 100340   0        12850    0        0        | 256    286570         1856924      -       
32     8      0      0/8    | 0.10      0.24      1.08      0.42      1.85         3.96      | 59416    0        0        2525     0        | 1      66541          1856924      -       
32     8      1      1/8    | 0.10      0.24      1.08      0.42      1.86         3.94      | 59416    0        0        2525     0        | 128    66541          1856924      -       
32     8      2      2/8    | 0.10      0.24      0.47      0.40      1.22         5.97      | 59416    0        2525     0        0        | 256    66541          1856924      -       
32     8      3      3/8    | 0.12      0.26      0.47      0.43      1.29         5.66      | 59416    0        2525     0        0        | 384    66541          1856924      -       
32     8      4      4/8    | 0.10      0.26      0.47      0.43      1.28         5.70      | 59416    0        2525     0        0        | 512    66541          1856924      -       
32     8      5      5/8    | 0.11      0.24      0.48      0.43      1.27         5.74      | 59416    0        2525     0        0        | 640    66541          1856924      -       
32     8      6      6/8    | 0.10      0.26      0.48      0.42      1.28         5.72      | 59416    0        2525     0        0        | 768    66541          1856924      -       
32     8      7      7/8    | 0.10      0.25      0.48      0.41      1.26         5.82      | 59416    0        2525     0        0        | 896    66541          1856924      -       
32     8      8      8/8    | 0.10      0.24      0.47      0.42      1.24         5.90      | 59416    0        2525     0        0        | 1024   66541          1856924      -       
32     16     0      0/8    | 0.10      0.24      1.05      0.41      1.81         4.04      | 59416    0        0        2525     0        | 1      76791          1856924      -       
32     16     1      1/8    | 0.12      0.28      1.06      0.43      1.91         3.84      | 59416    0        0        2525     0        | 128    76791          1856924      -       
32     16     2      2/8    | 0.10      0.25      0.49      0.41      1.27         5.75      | 59416    0        2525     0        0        | 256    76791          1856924      -       
32     16     3      3/8    | 0.11      0.29      0.49      0.44      1.34         5.45      | 59416    0        2525     0        0        | 384    76791          1856924      -       
32     16     4      4/8    | 0.10      0.28      0.49      0.42      1.31         5.60      | 59416    0        2525     0        0        | 512    76791          1856924      -       
32     16     5      5/8    | 0.10      0.25      0.49      0.43      1.29         5.68      | 59416    0        2525     0        0        | 640    76791          1856924      -       
32     16     6      6/8    | 0.11      0.24      0.49      0.43      1.29         5.68      | 59416    0        2525     0        0        | 768    76791          1856924      -       
32     16     7      7/8    | 0.10      0.24      0.49      0.42      1.26         5.80      | 59416    0        2525     0        0        | 896    76791          1856924      -       
32     16     8      8/8    | 0.10      0.29      0.49      0.42      1.31         5.57      | 59416    0        2525     0        0        | 1024   76791          1856924      -       
32     32     0      0/8    | 0.11      0.34      0.79      0.53      1.79         4.09      | 59416    0        0        2525     0        | 1      100685         1856924      -       
32     32     1      1/8    | 0.11      0.36      0.79      0.53      1.80         4.06      | 59416    0        0        2525     0        | 128    100685         1856924      -       
32     32     2      2/8    | 0.11      0.38      0.27      0.54      1.30         5.63      | 59416    0        2525     0        0        | 256    100685         1856924      -       
32     32     3      3/8    | 0.10      0.36      0.27      0.51      1.24         5.89      | 59416    0        2525     0        0        | 384    100685         1856924      -       
32     32     4      4/8    | 0.09      0.36      0.27      0.52      1.25         5.84      | 59416    0        2525     0        0        | 512    100685         1856924      -       
32     32     5      5/8    | 0.11      0.36      0.27      0.56      1.31         5.60      | 59416    0        2525     0        0        | 640    100685         1856924      -       
32     32     6      6/8    | 0.10      0.35      0.27      0.55      1.29         5.68      | 59416    0        2525     0        0        | 768    100685         1856924      -       
32     32     7      7/8    | 0.12      0.34      0.27      0.53      1.28         5.73      | 59416    0        2525     0        0        | 896    100685         1856924      -       
32     32     8      8/8    | 0.12      0.36      0.27      0.57      1.33         5.49      | 59416    0        2525     0        0        | 1024   100685         1856924      -       
