# Matrix: matrix-new_3
# Path: /home/stu1/Dataset/training_dataset/50k-200k-0.001-0.01/matrix-new_3.mtx
# Category: 50k-200k-0.001-0.01
# Date: 2026-03-09 06:21:22
# Configs: 81 (9 tiles x 9 TC thresholds)
# Version: AdaSpGEMM_new
#
# Rows: 125329
# Cols: 125329
# NNZ(A): 2678750
# NNZ(C) estimate: 88656889
#
tile_m tile_n tc_frc tc     | step1_ms  step2_ms  step3_ms  malloc    total_ms     gflops    | n_tiny   n_sml    n_lrg    n_dns    n_ful    | th_lrg tiles_C        nnzC         error   
-----------------------------------------------------------------------------------------------------------------------------------------------------------------------------------------
8      8      0      0/8    | 6.55      30.22     14.62     1.54      52.94        3.35      | 3097156  0        0        1305179  12408    | 1      11616260       36615210     -       
8      8      1      1/8    | 6.48      30.48     14.51     1.53      53.02        3.34      | 3097156  0        0        1305179  12408    | 8      11616260       36615210     -       
8      8      2      2/8    | 6.40      29.27     14.19     1.53      51.40        3.45      | 3097156  0        715581   589598   12408    | 16     11616260       36615210     -       
8      8      3      3/8    | 6.40      29.04     10.54     1.52      47.51        3.73      | 3097156  0        1176137  129042   12408    | 24     11616260       36615210     -       
8      8      4      4/8    | 6.29      29.11     10.82     1.49      47.74        3.71      | 3097156  0        1225052  80127    12408    | 32     11616260       36615210     -       
8      8      5      5/8    | 6.41      28.86     10.38     1.51      47.19        3.76      | 3097156  0        1241185  63994    12408    | 40     11616260       36615210     -       
8      8      6      6/8    | 6.33      29.27     10.72     1.52      47.87        3.70      | 3097156  0        1263950  41229    12408    | 48     11616260       36615210     -       
8      8      7      7/8    | 6.46      29.21     10.80     1.51      48.00        3.69      | 3097156  0        1300470  4709     12408    | 56     11616260       36615210     -       
8      8      8      8/8    | 6.65      29.21     10.60     1.52      48.01        3.69      | 3097156  0        1317587  0        0        | 64     11616260       36615210     -       
8      16     0      0/8    | 5.49      38.71     15.30     1.67      61.19        2.90      | 3097156  0        0        1305179  12408    | 1      15453339       36615210     -       
8      16     1      1/8    | 5.46      38.87     15.40     1.66      61.41        2.89      | 3097156  0        0        1305179  12408    | 8      15453339       36615210     -       
8      16     2      2/8    | 5.59      38.64     14.07     1.65      59.98        2.96      | 3097156  0        715581   589598   12408    | 16     15453339       36615210     -       
8      16     3      3/8    | 5.46      40.70     9.65      1.71      57.53        3.08      | 3097156  0        1176137  129042   12408    | 24     15453339       36615210     -       
8      16     4      4/8    | 5.36      40.30     10.03     1.68      57.38        3.09      | 3097156  0        1225052  80127    12408    | 32     15453339       36615210     -       
8      16     5      5/8    | 5.38      40.80     10.02     1.79      58.01        3.06      | 3097156  0        1241185  63994    12408    | 40     15453339       36615210     -       
8      16     6      6/8    | 5.62      40.85     9.66      1.68      57.84        3.07      | 3097156  0        1263950  41229    12408    | 48     15453339       36615210     -       
8      16     7      7/8    | 5.55      39.95     9.76      1.68      56.97        3.11      | 3097156  0        1300470  4709     12408    | 56     15453339       36615210     -       
8      16     8      8/8    | 5.42      38.66     10.03     1.65      55.78        3.18      | 3097156  0        1317587  0        0        | 64     15453339       36615210     -       
8      32     0      0/8    | 4.32      53.76     17.59     1.91      77.61        2.28      | 3097156  0        0        1305179  12408    | 1      20321919       36615210     -       
8      32     1      1/8    | 4.29      52.81     17.20     1.89      76.22        2.33      | 3097156  0        0        1305179  12408    | 8      20321919       36615210     -       
8      32     2      2/8    | 4.36      53.84     15.91     1.91      76.04        2.33      | 3097156  0        715581   589598   12408    | 16     20321919       36615210     -       
8      32     3      3/8    | 4.69      53.40     9.59      1.87      69.57        2.55      | 3097156  0        1176137  129042   12408    | 24     20321919       36615210     -       
8      32     4      4/8    | 4.40      53.19     9.63      1.87      69.11        2.57      | 3097156  0        1225052  80127    12408    | 32     20321919       36615210     -       
8      32     5      5/8    | 4.48      52.46     9.80      1.90      68.67        2.58      | 3097156  0        1241185  63994    12408    | 40     20321919       36615210     -       
8      32     6      6/8    | 4.32      51.52     9.78      1.85      67.49        2.63      | 3097156  0        1263950  41229    12408    | 48     20321919       36615210     -       
8      32     7      7/8    | 4.36      53.85     9.85      1.97      70.06        2.53      | 3097156  0        1300470  4709     12408    | 56     20321919       36615210     -       
8      32     8      8/8    | 4.36      53.59     9.68      1.87      69.52        2.55      | 3097156  0        1317587  0        0        | 64     20321919       36615210     -       
16     8      0      0/8    | 7.14      18.75     14.00     1.52      41.43        4.28      | 2566497  0        0        266307   139      | 1      7177764        36615210     -       
16     8      1      1/8    | 7.29      17.96     14.07     1.50      40.82        4.34      | 2566497  0        0        266307   139      | 32     7177764        36615210     -       
16     8      2      2/8    | 7.37      18.07     13.34     1.45      40.25        4.40      | 2566497  0        125449   140858   139      | 64     7177764        36615210     -       
16     8      3      3/8    | 7.21      18.96     10.58     1.54      38.31        4.63      | 2566497  0        238437   27870    139      | 96     7177764        36615210     -       
16     8      4      4/8    | 7.33      18.69     10.88     1.49      38.40        4.62      | 2566497  0        255928   10379    139      | 128    7177764        36615210     -       
16     8      5      5/8    | 7.57      18.88     10.73     1.50      38.70        4.58      | 2566497  0        259500   6807     139      | 160    7177764        36615210     -       
16     8      6      6/8    | 7.07      18.73     10.70     1.51      38.03        4.66      | 2566497  0        265573   734      139      | 192    7177764        36615210     -       
16     8      7      7/8    | 7.28      18.80     10.79     1.50      38.38        4.62      | 2566497  0        266160   147      139      | 224    7177764        36615210     -       
16     8      8      8/8    | 7.36      17.96     10.87     1.52      37.73        4.70      | 2566497  0        266446   0        0        | 256    7177764        36615210     -       
16     16     0      0/8    | 6.10      25.85     13.87     1.67      47.51        3.73      | 2566497  0        0        266307   139      | 1      9708636        36615210     -       
16     16     1      1/8    | 5.87      25.48     13.91     1.67      46.96        3.78      | 2566497  0        0        266307   139      | 32     9708636        36615210     -       
16     16     2      2/8    | 5.92      24.42     13.55     1.67      45.57        3.89      | 2566497  0        125449   140858   139      | 64     9708636        36615210     -       
16     16     3      3/8    | 6.08      24.52     8.65      1.65      40.91        4.33      | 2566497  0        238437   27870    139      | 96     9708636        36615210     -       
16     16     4      4/8    | 6.30      25.55     9.04      1.73      42.64        4.16      | 2566497  0        255928   10379    139      | 128    9708636        36615210     -       
16     16     5      5/8    | 6.07      24.99     9.06      1.67      41.80        4.24      | 2566497  0        259500   6807     139      | 160    9708636        36615210     -       
16     16     6      6/8    | 6.17      24.50     9.00      1.66      41.35        4.29      | 2566497  0        265573   734      139      | 192    9708636        36615210     -       
16     16     7      7/8    | 5.98      25.48     8.96      1.69      42.12        4.21      | 2566497  0        266160   147      139      | 224    9708636        36615210     -       
16     16     8      8/8    | 5.91      24.38     9.10      1.68      41.09        4.32      | 2566497  0        266446   0        0        | 256    9708636        36615210     -       
16     32     0      0/8    | 4.38      30.57     15.94     1.97      52.88        3.35      | 2566497  0        0        266307   139      | 1      11554432       36615210     -       
16     32     1      1/8    | 4.37      30.37     16.02     1.94      52.72        3.36      | 2566497  0        0        266307   139      | 32     11554432       36615210     -       
16     32     2      2/8    | 4.23      30.33     14.16     1.98      50.72        3.50      | 2566497  0        125449   140858   139      | 64     11554432       36615210     -       
16     32     3      3/8    | 4.25      30.51     7.93      1.95      44.66        3.97      | 2566497  0        238437   27870    139      | 96     11554432       36615210     -       
16     32     4      4/8    | 4.36      30.28     8.45      1.93      45.04        3.94      | 2566497  0        255928   10379    139      | 128    11554432       36615210     -       
16     32     5      5/8    | 4.32      29.14     8.39      1.93      43.80        4.05      | 2566497  0        259500   6807     139      | 160    11554432       36615210     -       
16     32     6      6/8    | 4.32      30.56     8.24      1.97      45.10        3.93      | 2566497  0        265573   734      139      | 192    11554432       36615210     -       
16     32     7      7/8    | 4.20      30.03     8.27      1.94      44.46        3.99      | 2566497  0        266160   147      139      | 224    11554432       36615210     -       
16     32     8      8/8    | 4.40      30.46     8.10      1.96      44.94        3.95      | 2566497  0        266446   0        0        | 256    11554432       36615210     -       
32     8      0      0/8    | 6.74      10.95     12.67     1.77      32.16        5.51      | 2006882  0        0        55338    0        | 1      4186828        36615210     -       
32     8      1      1/8    | 6.76      11.01     12.40     1.74      31.92        5.55      | 2006882  0        0        55338    0        | 128    4186828        36615210     -       
32     8      2      2/8    | 6.75      10.89     12.53     1.78      31.97        5.55      | 2006882  0        27852    27486    0        | 256    4186828        36615210     -       
32     8      3      3/8    | 6.75      10.56     12.62     1.74      31.69        5.60      | 2006882  0        52140    3198     0        | 384    4186828        36615210     -       
32     8      4      4/8    | 6.76      10.50     12.85     1.76      31.89        5.56      | 2006882  0        55064    274      0        | 512    4186828        36615210     -       
32     8      5      5/8    | 6.79      10.50     12.71     1.74      31.76        5.58      | 2006882  0        55327    11       0        | 640    4186828        36615210     -       
32     8      6      6/8    | 6.76      10.45     12.51     1.76      31.50        5.63      | 2006882  0        55336    2        0        | 768    4186828        36615210     -       
32     8      7      7/8    | 6.75      10.54     12.44     1.79      31.53        5.62      | 2006882  0        55338    0        0        | 896    4186828        36615210     -       
32     8      8      8/8    | 6.75      10.49     12.66     1.73      31.66        5.60      | 2006882  0        55338    0        0        | 1024   4186828        36615210     -       
32     16     0      0/8    | 5.80      13.89     11.13     1.92      32.75        5.41      | 2006882  0        0        55338    0        | 1      5211539        36615210     -       
32     16     1      1/8    | 5.83      14.39     10.88     1.93      33.05        5.37      | 2006882  0        0        55338    0        | 128    5211539        36615210     -       
32     16     2      2/8    | 5.85      14.15     11.42     1.93      33.36        5.31      | 2006882  0        27852    27486    0        | 256    5211539        36615210     -       
32     16     3      3/8    | 5.83      14.18     11.44     1.91      33.38        5.31      | 2006882  0        52140    3198     0        | 384    5211539        36615210     -       
32     16     4      4/8    | 5.84      13.76     11.48     1.92      33.02        5.37      | 2006882  0        55064    274      0        | 512    5211539        36615210     -       
32     16     5      5/8    | 5.90      14.35     11.32     1.92      33.51        5.29      | 2006882  0        55327    11       0        | 640    5211539        36615210     -       
32     16     6      6/8    | 5.80      13.78     11.11     1.91      32.62        5.44      | 2006882  0        55336    2        0        | 768    5211539        36615210     -       
32     16     7      7/8    | 5.83      14.36     11.49     1.92      33.62        5.27      | 2006882  0        55338    0        0        | 896    5211539        36615210     -       
32     16     8      8/8    | 5.83      14.01     11.60     1.91      33.37        5.31      | 2006882  0        55338    0        0        | 1024   5211539        36615210     -       
32     32     0      0/8    | 3.89      15.83     8.40      2.12      30.26        5.86      | 2006882  0        0        55338    0        | 1      5821240        36615210     -       
32     32     1      1/8    | 3.89      15.56     8.45      2.03      29.94        5.92      | 2006882  0        0        55338    0        | 128    5821240        36615210     -       
32     32     2      2/8    | 3.90      15.21     9.23      2.04      30.39        5.84      | 2006882  0        27852    27486    0        | 256    5821240        36615210     -       
32     32     3      3/8    | 3.92      15.16     8.76      2.05      29.90        5.93      | 2006882  0        52140    3198     0        | 384    5821240        36615210     -       
32     32     4      4/8    | 3.94      15.19     8.66      2.06      29.87        5.94      | 2006882  0        55064    274      0        | 512    5821240        36615210     -       
32     32     5      5/8    | 3.90      15.37     8.80      2.03      30.12        5.89      | 2006882  0        55327    11       0        | 640    5821240        36615210     -       
32     32     6      6/8    | 3.90      15.67     8.61      2.03      30.23        5.87      | 2006882  0        55336    2        0        | 768    5821240        36615210     -       
32     32     7      7/8    | 3.91      15.04     8.84      2.02      29.83        5.94      | 2006882  0        55338    0        0        | 896    5821240        36615210     -       
32     32     8      8/8    | 3.88      14.92     8.70      2.00      29.51        6.01      | 2006882  0        55338    0        0        | 1024   5821240        36615210     -       
